Time,normE,es.EX,es.EY,es.EZ,es.tEX,es.tEY,es.tEZ,es.Ex,es.Ey,es.Ez,es.tEx,es.tEy,es.tEz,V
0.0,1.4013899223366233,-0.9049982569682022,0.2010693299692039,1.0321162124850325,-0.9049982569682027,0,1.0321162124850476,-0.9049982569682022,0.2010693299692039,1.0321162124850325,-0.9049982569682027,0,1.0321162124850476,0.01356270497180467
0.02,1.2103963568040672,-0.7816572502040593,0.17366585904506615,0.8914504688250249,-0.7816572502040602,0,0.8914504688250364,-0.7816572502040593,0.17366585904506615,0.8914504688250249,-0.7816572502040602,0,0.8914504688250364,0.011714261962011878
0.04,1.221532634934166,-0.7888489049323697,0.17526368202195086,0.8996522755664484,-0.7888489049323741,0,0.8996522755664564,-0.7888489049323697,0.17526368202195086,0.8996522755664484,-0.7888489049323741,0,0.8996522755664564,0.011822038700384339
0.06,1.2327494742724197,-0.7960925851445673,0.17687307413059217,0.9079134107798845,-0.7960925851445646,0,0.9079134107798996,-0.7960925851445673,0.17687307413059217,0.9079134107798845,-0.7960925851445646,0,0.9079134107798996,0.011930594183001696
0.08,1.2441826464638068,-0.8034759697813265,0.17851348341849382,0.9163338833763923,-0.8034759697813274,0,0.9163338833763994,-0.8034759697813265,0.17851348341849382,0.9163338833763923,-0.8034759697813274,0,0.9163338833763994,0.012041245313358337
0.1,1.2556723555451366,-0.8108958650708198,0.18016199880226402,0.9247959975449529,-0.8108958650708207,0,0.9247959975449458,-0.8108958650708198,0.18016199880226402,0.9247959975449529,-0.8108958650708207,0,0.9247959975449458,0.012152444124771644
0.12,1.2671620646264592,-0.8183157603603166,0.18181051418606098,0.9332581117134993,-0.8183157603603175,0,0.9332581117135206,-0.8183157603603166,0.18181051418606098,0.9332581117134993,-0.8183157603603175,0,0.9332581117135206,0.01226364293618495
0.14,1.2789920987466494,-0.8259554329429752,0.18350787271188895,0.9419708676939891,-0.8259554329429726,0,0.9419708676939971,-0.8259554329429752,0.18350787271188895,0.9419708676939891,-0.8259554329429726,0,0.9419708676939971,0.01237813423416251
0.16,1.2910568128608242,-0.833746658682029,0.1852389122983812,0.9508564602636262,-0.8337466586820259,0,0.9508564602636262,-0.833746658682029,0.1852389122983812,0.9508564602636262,-0.8337466586820259,0,0.9508564602636262,0.012494895952000202
0.18,1.3031215269750072,-0.8415378844210912,0.18696995188488041,0.9597420528332643,-0.8415378844210881,0,0.9597420528332865,-0.8415378844210912,0.18696995188488041,0.9597420528332643,-0.8415378844210881,0,0.9597420528332865,0.012611657669837899
0.2,1.3151862410891892,-0.8493291101601481,0.1887009914713691,0.968627645402905,-0.8493291101601486,0,0.9686276454029095,-0.8493291101601481,0.1887009914713691,0.968627645402905,-0.8493291101601486,0,0.9686276454029095,0.01272841938767559
0.22,1.3272509552033656,-0.8571203358992077,0.19043203105787365,0.9775132379725315,-0.857120335899205,0,0.9775132379725608,-0.8571203358992077,0.19043203105787365,0.9775132379725315,-0.857120335899205,0,0.9775132379725608,0.012845181105513286
0.24,1.3393156693175383,-0.864911561638257,0.19216307064437477,0.9863988305421616,-0.8649115616382543,0,0.9863988305421767,-0.864911561638257,0.19216307064437477,0.9863988305421616,-0.8649115616382543,0,0.9863988305421767,0.01296194282335098
0.26,1.3516243048452892,-0.8728603084636162,0.19392910245989214,0.9954640720830916,-0.8728603084636131,0,0.9954640720831067,-0.8728603084636162,0.19392910245989214,0.9954640720830916,-0.8728603084636131,0,0.9954640720831067,0.013081065660668184
0.28,1.3649729459941244,-0.8814806765820848,0.19584433033959436,1.0052952813888982,-0.8814806765820822,0,1.0052952813888956,-0.8814806765820848,0.19584433033959436,1.0052952813888982,-0.8814806765820822,0,1.0052952813888956,0.01321025558268594
0.3,1.378321587142939,-0.890101044700542,0.19775955821930513,1.0151264906946844,-0.8901010447005393,0,1.015126490694703,-0.890101044700542,0.19775955821930513,1.0151264906946844,-0.8901010447005393,0,1.015126490694703,0.013339445504703694
0.32,1.3916702282917695,-0.8987214128190049,0.1996747860990269,1.024957700000484,-0.8987214128190013,0,1.024957700000499,-0.8987214128190049,0.1996747860990269,1.024957700000484,-0.8987214128190013,0,1.024957700000499,0.013468635426721444
0.34,1.405018869440592,-0.907341780937462,0.20159001397873433,1.0347889093062825,-0.9073417809374593,0,1.0347889093062905,-0.907341780937462,0.20159001397873433,1.0347889093062825,-0.9073417809374593,0,1.0347889093062905,0.0135978253487392
0.36,1.4183675105894231,-0.9159621490559235,0.20350524185843277,1.0446201186120874,-0.91596214905592,0,1.0446201186120954,-0.9159621490559235,0.20350524185843277,1.0446201186120874,-0.91596214905592,0,1.0446201186120954,0.01372701527075695
0.38,1.4317161517382535,-0.9245825171743882,0.20542046973812955,1.054451327917893,-0.9245825171743851,0,1.054451327917901,-0.9245825171743882,0.20542046973812955,1.054451327917893,-0.9245825171743851,0,1.054451327917901,0.013856205192774704
0.4,1.4450647928870741,-0.9332028852928422,0.2073356976178351,1.0642825372236908,-0.9332028852928422,0,1.0642825372236988,-0.9332028852928422,0.2073356976178351,1.0642825372236908,-0.9332028852928422,0,1.0642825372236988,0.013985395114792454
0.42,1.4584134340358932,-0.9418232534113038,0.20925092549754254,1.0741137465294752,-0.9418232534113007,0,1.0741137465294903,-0.9418232534113038,0.20925092549754254,1.0741137465294752,-0.9418232534113007,0,1.0741137465294903,0.01411458503681021
0.44,1.4717620751847276,-0.9504436215297685,0.21116615337724276,1.0839449558352836,-0.9504436215297649,0,1.083944955835288,-0.9504436215297685,0.21116615337724276,1.0839449558352836,-0.9504436215297649,0,1.083944955835288,0.014243774958827962
0.46,1.4851107163335517,-0.9590639896482234,0.2130813812569592,1.093776165141077,-0.9590639896482203,0,1.093776165141092,-0.9590639896482234,0.2130813812569592,1.093776165141077,-0.9590639896482203,0,1.093776165141092,0.014372964880845714
0.48,1.4984593574823855,-0.967684357766688,0.2149966091366684,1.1036073744468817,-0.9676843577666885,0,1.1036073744468897,-0.967684357766688,0.2149966091366684,1.1036073744468817,-0.9676843577666885,0,1.1036073744468897,0.014502154802863468
0.5,1.5118079986312138,-0.976304725885146,0.21691183701637928,1.1134385837526803,-0.9763047258851425,0,1.1134385837527025,-0.976304725885146,0.21691183701637928,1.1134385837526803,-0.9763047258851425,0,1.1134385837527025,0.01463134472488122
0.52,1.5257145060786534,-0.985285356399749,0.2189070695528179,1.1236806738328546,-0.9852853563997455,0,1.1236806738328733,-0.985285356399749,0.2189070695528179,1.1236806738328546,-0.9852853563997455,0,1.1236806738328733,0.014765936812586684
0.54,1.5405075984107106,-0.9948385312599979,0.22102944889765508,1.1345757531415384,-0.9948385312599983,0,1.1345757531415606,-0.9948385312599979,0.22102944889765508,1.1345757531415384,-0.9948385312599983,0,1.1345757531415606,0.014909114252113373
0.56,1.5553006907427713,-1.0043917061202627,0.2231518282424605,1.1454708324502034,-1.0043917061202592,0,1.1454708324502185,-1.0043917061202627,0.2231518282424605,1.1454708324502034,-1.0043917061202592,0,1.1454708324502185,0.015052291691640053
0.58,1.5700937830748611,-1.0139448809805187,0.22527420758727446,1.156365911758881,-1.0139448809805152,0,1.1563659117589067,-1.0139448809805187,0.22527420758727446,1.156365911758881,-1.0139448809805152,0,1.1563659117589067,0.015195469131166742
0.6,1.584886875406969,-1.023498055840769,0.22739658693210107,1.1672609910675646,-1.023498055840769,0,1.1672609910675797,-1.023498055840769,0.22739658693210107,1.1672609910675646,-1.023498055840769,0,1.1672609910675797,0.015338646570693422
0.62,1.5996799677390885,-1.0330512307010293,0.22951896627691537,1.1781560703762368,-1.0330512307010293,0,1.178156070376252,-1.0330512307010293,0.22951896627691537,1.1781560703762368,-1.0330512307010293,0,1.178156070376252,0.015481824010220108
0.64,1.6144730600712245,-1.042604405561287,0.23164134562174554,1.189051149684909,-1.042604405561283,0,1.189051149684917,-1.042604405561287,0.23164134562174554,1.189051149684909,-1.042604405561283,0,1.189051149684917,0.01562500144974679
0.66,1.629266152403388,-1.0521575804215546,0.23376372496656161,1.199946228993591,-1.052157580421551,0,1.1999462289935954,-1.0521575804215546,0.23376372496656161,1.199946228993591,-1.052157580421551,0,1.1999462289935954,0.01576817888927348
0.68,1.6440592447355553,-1.0617107552817937,0.23588610431138457,1.2108413083022782,-1.0617107552817937,0,1.2108413083022898,-1.0617107552817937,0.23588610431138457,1.2108413083022782,-1.0617107552817937,0,1.2108413083022898,0.015911356328800162
0.7,1.6588523370677353,-1.0712639301420652,0.23800848365618987,1.2217363876109406,-1.0712639301420612,0,1.2217363876109557,-1.0712639301420652,0.23800848365618987,1.2217363876109406,-1.0712639301420612,0,1.2217363876109557,0.016054533768326842
0.72,1.673645429399937,-1.080817105002311,0.24013086300101993,1.2326314669196314,-1.0808171050023105,0,1.2326314669196368,-1.080817105002311,0.24013086300101993,1.2326314669196314,-1.0808171050023105,0,1.2326314669196368,0.016197711207853526
0.74,1.6884385217321505,-1.0903702798625754,0.24225324234583778,1.2435265462283027,-1.0903702798625754,0,1.2435265462283223,-1.0903702798625754,0.24225324234583778,1.2435265462283027,-1.0903702798625754,0,1.2435265462283223,0.01634088864738021
0.76,1.7032316140643815,-1.0999234547228323,0.2443756216906643,1.2544216255369829,-1.0999234547228287,0,1.2544216255369953,-1.0999234547228323,0.2443756216906643,1.2544216255369829,-1.0999234547228287,0,1.2544216255369953,0.0164840660869069
0.78,1.7189720800690838,-1.110088430494233,0.2466338740480557,1.2660144629093395,-1.1100884304942218,0,1.2660144629093395,-1.110088430494233,0.2466338740480557,1.2660144629093395,-1.1100884304942218,0,1.2660144629093395,0.016636416822413888
0.8,1.7353917160052952,-1.1206920048830207,0.2489895334448189,1.2781075213772084,-1.1206920048830167,0,1.2781075213772155,-1.1206920048830207,0.2489895334448189,1.2781075213772084,-1.1206920048830167,0,1.2781075213772155,0.016795343871980867
0.82,1.7518113519415421,-1.1312955792718018,0.2513451928415962,1.290200579845063,-1.1312955792717978,0,1.2902005798450844,-1.1312955792718018,0.2513451928415962,1.290200579845063,-1.1312955792717978,0,1.2902005798450844,0.016954270921547852
0.84,1.768230987877848,-1.1418991536605905,0.2537008522383647,1.3022936383129284,-1.1418991536605865,0,1.302293638312932,-1.1418991536605905,0.2537008522383647,1.3022936383129284,-1.1418991536605865,0,1.302293638312932,0.017113197971114824
0.86,1.7846506238142026,-1.1525027280493707,0.25605651163513854,1.314386696780808,-1.1525027280493667,0,1.314386696780815,-1.1525027280493707,0.25605651163513854,1.314386696780808,-1.1525027280493667,0,1.314386696780815,0.01727212502068181
0.88,1.8010702597505768,-1.1631063024381594,0.25841217103192304,1.3264797552486378,-1.1631063024381554,0,1.3264797552486627,-1.1631063024381594,0.25841217103192304,1.3264797552486378,-1.1631063024381554,0,1.3264797552486627,0.017431052070248785
0.9,1.8174898956870305,-1.1737098768269405,0.2607678304286791,1.3385728137165387,-1.1737098768269365,0,1.3385728137165458,-1.1737098768269405,0.2607678304286791,1.3385728137165387,-1.1737098768269365,0,1.3385728137165458,0.017589979119815767
0.92,1.8339095316235003,-1.1843134512157363,0.2631234898254512,1.3506658721843863,-1.1843134512157323,0,1.3506658721843934,-1.1843134512157363,0.2631234898254512,1.3506658721843863,-1.1843134512157323,0,1.3506658721843934,0.017748906169382746
0.94,1.8503291675600226,-1.1949170256045152,0.26547914922225146,1.3627589306522498,-1.1949170256045112,0,1.3627589306522712,-1.1949170256045152,0.26547914922225146,1.3627589306522498,-1.1949170256045112,0,1.3627589306522712,0.01790783321894973
0.96,1.8667488034965802,-1.2055205999932967,0.267834808619004,1.3748519891201259,-1.2055205999932928,0,1.37485198912014,-1.2055205999932967,0.267834808619004,1.3748519891201259,-1.2055205999932928,0,1.37485198912014,0.018066760268516703
0.98,1.8831684394331787,-1.216124174382092,0.2701904680157885,1.386945047587984,-1.216124174382088,0,1.386945047588016,-1.216124174382092,0.2701904680157885,1.386945047587984,-1.216124174382088,0,1.386945047588016,0.018225687318083685
1.0,1.8995880753697985,-1.2267277487708665,0.27254612741256223,1.3990381060558352,-1.2267277487708625,0,1.3990381060558565,-1.2267277487708665,0.27254612741256223,1.3990381060558352,-1.2267277487708625,0,1.3990381060558565,0.018384614367650664
1.02,1.9160077113064746,-1.2373313231596552,0.2749017868093291,1.4111311645237112,-1.2373313231596508,0,1.4111311645237183,-1.2373313231596552,0.2749017868093291,1.4111311645237112,-1.2373313231596508,0,1.4111311645237183,0.018543541417217643
1.04,1.9330457302682609,-1.2483342406170594,0.2773462814164276,1.4236796135542527,-1.2483342406170554,0,1.4236796135542686,-1.2483342406170594,0.2773462814164276,1.4236796135542527,-1.2483342406170554,0,1.4236796135542686,0.01870844395141413
1.06,1.9503635069531122,-1.2595178216811318,0.27983096525118745,1.436434082190333,-1.2595178216811345,0,1.4364340821903347,-1.2595178216811318,0.27983096525118745,1.436434082190333,-1.2595178216811345,0,1.4364340821903347,0.0188760498068635
1.08,1.9677982204876698,-1.2707769189196467,0.2823324479132199,1.4492746656381623,-1.2707769189196423,0,1.449274665638148,-1.2707769189196467,0.2823324479132199,1.4492746656381623,-1.2707769189196423,0,1.449274665638148,0.019044785632444258
1.1,1.9853498708719393,-1.2821115323326122,0.28485072940255285,1.4622013638977194,-1.2821115323326149,0,1.4622013638977425,-1.2821115323326122,0.28485072940255285,1.4622013638977194,-1.2821115323326149,0,1.4622013638977425,0.0192146514281564
1.12,2.0030184581059434,-1.293521661920027,0.28738580971919014,1.4752141769690432,-1.2935216619200225,0,1.4752141769690592,-1.293521661920027,0.28738580971919014,1.4752141769690432,-1.2935216619200225,0,1.4752141769690592,0.019385647193999923
1.14,2.0208039821896513,-1.305007307681898,0.28993768886312976,1.4883131048520681,-1.3050073076818935,0,1.4883131048520823,-1.305007307681898,0.28993768886312976,1.4883131048520681,-1.3050073076818935,0,1.4883131048520823,0.01955777292997483
1.16,2.0387064431231128,-1.3165684696182267,0.2925063668343417,1.5014981475468705,-1.316568469618229,0,1.5014981475468723,-1.3165684696182267,0.2925063668343417,1.5014981475468705,-1.316568469618229,0,1.5014981475468723,0.019731028636081116
1.18,2.0567258409062994,-1.3282051477290184,0.29509184363285956,1.5147693050533828,-1.3282051477290207,0,1.514769305053397,-1.3282051477290184,0.29509184363285956,1.5147693050533828,-1.3282051477290207,0,1.514769305053397,0.019905414312318792
1.2,2.074862175539223,-1.3399173420142594,0.29769411925865885,1.5281265773716424,-1.3399173420142478,0,1.5281265773716584,-1.3399173420142594,0.29769411925865885,1.5281265773716424,-1.3399173420142478,0,1.5281265773716584,0.02008092995868785
1.22,2.09311544702191,-1.3517050524739447,0.3003131937117818,1.5415699645016474,-1.351705052473947,0,1.541569964501642,-1.3517050524739447,0.3003131937117818,1.5415699645016474,-1.351705052473947,0,1.541569964501642,0.020257575575188286
1.24,2.1114856553543353,-1.3635682791080783,0.30294906699215574,1.5550994664433748,-1.3635682791080805,0,1.5550994664433748,-1.3635682791080783,0.30294906699215574,1.5550994664433748,-1.3635682791080805,0,1.5550994664433748,0.02043535116182011
1.26,2.129972800536568,-1.375507021916691,0.30560173909985,1.5687150831968566,-1.375507021916686,0,1.5687150831968726,-1.375507021916691,0.30560173909985,1.5687150831968566,-1.375507021916686,0,1.5687150831968726,0.02061425671858332
1.28,2.1485768825685634,-1.387521280899731,0.3082712100348377,1.5824168147620643,-1.3875212808997333,0,1.5824168147620803,-1.387521280899731,0.3082712100348377,1.5824168147620643,-1.3875212808997333,0,1.5824168147620803,0.020794292245477904
1.3,2.1672979014503735,-1.3996110560572341,0.31095747979713684,1.596204661139021,-1.3996110560572368,0,1.596204661139037,-1.3996110560572341,0.31095747979713684,1.596204661139021,-1.3996110560572368,0,1.596204661139037,0.020975457742503877
1.32,2.1861358571820197,-1.4117763473892038,0.31366054838667634,1.610078622327741,-1.4117763473891989,0,1.6100786223277712,-1.4117763473892038,0.31366054838667634,1.610078622327741,-1.4117763473891989,0,1.6100786223277712,0.021157753209661234
1.34,2.2050907497634706,-1.4240171548956138,0.3163804158035344,1.6240386983281638,-1.4240171548956089,0,1.624038698328171,-1.4240171548956138,0.3163804158035344,1.6240386983281638,-1.4240171548956089,0,1.624038698328171,0.02134117864694997
1.36,2.2241625791947524,-1.4363334785764743,0.3191170820477034,1.6380848891403073,-1.4363334785764765,0,1.6380848891403375,-1.4363334785764743,0.3191170820477034,1.6380848891403073,-1.4363334785764765,0,1.6380848891403375,0.021525734054370093
1.38,2.24335134547594,-1.4487253184317912,0.32187054711915564,1.6522171947642388,-1.4487253184317863,0,1.6522171947642548,-1.4487253184317912,0.32187054711915564,1.6522171947642388,-1.4487253184317863,0,1.6522171947642548,0.021711419431921602
1.4,2.262657048607012,-1.4611926744615662,0.3246408110179051,1.6664356151999087,-1.4611926744615542,0,1.6664356151999176,-1.4611926744615662,0.3246408110179051,1.6664356151999087,-1.4611926744615542,0,1.6664356151999176,0.021898234779604488
1.42,2.2820796885879497,-1.473735546665782,0.3274278737439691,1.6807401504472796,-1.4737355466657838,0,1.6807401504472956,-1.473735546665782,0.3274278737439691,1.6807401504472796,-1.4737355466657838,0,1.6807401504472956,0.022086180097418754
1.44,2.301619265418828,-1.4863539350444555,0.33023173529727745,1.6951308005064103,-1.4863539350444501,0,1.6951308005064458,-1.4863539350444555,0.33023173529727745,1.6951308005064103,-1.4863539350444501,0,1.6951308005064458,0.022275255385364408
1.46,2.3212757790996696,-1.4990478395975986,0.3330523956779179,1.7096075653772935,-1.4990478395975932,0,1.7096075653772953,-1.4990478395975986,0.3330523956779179,1.7096075653772935,-1.4990478395975932,0,1.7096075653772953,0.022465460643441446
1.48,2.3410492296304377,-1.5118172603251798,0.33588985488580625,1.7241704450598903,-1.5118172603251745,0,1.7241704450598903,-1.5118172603251798,0.33588985488580625,1.7241704450598903,-1.5118172603251745,0,1.7241704450598903,0.022656795871649864
1.5,2.3609396170112236,-1.5246621972272294,0.338744112921034,1.738819439554252,-1.5246621972272316,0,1.738819439554268,-1.5246621972272294,0.338744112921034,1.738819439554252,-1.5246621972272316,0,1.738819439554268,0.022849261069989676
1.52,2.380946941241972,-1.5375826503037167,0.3416151697835417,1.753554548860306,-1.5375826503037113,0,1.7535545488603201,-1.5375826503037167,0.3416151697835417,1.753554548860306,-1.5375826503037113,0,1.7535545488603201,0.023042856238460856
1.54,2.4011716582484137,-1.5506434926541721,0.34451740126906216,1.7684497735685447,-1.5506434926541668,0,1.7684497735685323,-1.5506434926541721,0.34451740126906216,1.7684497735685447,-1.5506434926541668,0,1.7684497735685323,0.023238556729199538
1.56,2.4220264909915135,-1.5641112552727723,0.347509870304348,1.7838091449503093,-1.564111255272774,0,1.7838091449503395,-1.5641112552727723,0.347509870304348,1.7838091449503093,-1.564111255272774,0,1.7838091449503395,0.02344036977442541
1.58,2.4430437996465617,-1.5776839425859102,0.35052565505727173,1.7992881773727163,-1.5776839425859048,0,1.7992881773727323,-1.5776839425859102,0.35052565505727173,1.7992881773727163,-1.5776839425859048,0,1.7992881773727323,0.02364375494012094
1.6,2.464223584213631,-1.5913615545936048,0.35356475552788047,1.8148868708358261,-1.5913615545935995,0,1.8148868708358208,-1.5913615545936048,0.35356475552788047,1.8148868708358261,-1.5913615545935995,0,1.8148868708358208,0.023848712226286116
1.62,2.485565844692704,-1.6051440912958403,0.3566271717161531,1.8306052253396476,-1.605144091295835,0,1.8306052253396565,-1.6051440912958403,0.3566271717161531,1.8306052253396476,-1.605144091295835,0,1.8306052253396565,0.02405524163292095
1.64,2.5070705810837737,-1.6190315526926167,0.3597129036220783,1.8464432408841667,-1.6190315526926105,0,1.8464432408841738,-1.6190315526926167,0.3597129036220783,1.8464432408841667,-1.6190315526926105,0,1.8464432408841738,0.02426334316002544
1.66,2.5287377933868216,-1.6330239387839551,0.362821951245617,1.8624009174693459,-1.6330239387839498,0,1.8624009174693743,-1.6330239387839551,0.362821951245617,1.8624009174693459,-1.6330239387839498,0,1.8624009174693743,0.024473016807599574
1.68,2.5505674816018757,-1.6471212495698122,0.36595431458684735,1.8784782550952421,-1.647121249569814,0,1.8784782550952581,-1.6471212495698122,0.36595431458684735,1.8784782550952421,-1.647121249569814,0,1.8784782550952581,0.02468426257564338
1.7,2.5725596457289486,-1.6613234850502332,0.3691099936457809,1.8946752537618305,-1.6613234850502279,0,1.8946752537618607,-1.6613234850502332,0.3691099936457809,1.8946752537618305,-1.6613234850502279,0,1.8946752537618607,0.024897080464156833
1.72,2.5947142857679997,-1.6756306452251737,0.37228898842232105,1.910991913469113,-1.6756306452251755,0,1.9109919134691147,-1.6756306452251737,0.37228898842232105,1.910991913469113,-1.6756306452251755,0,1.9109919134691147,0.02511147047313994
1.74,2.617031401719078,-1.6900427300946905,0.3754912989165351,1.9274282342170928,-1.6900427300946914,0,1.9274282342171087,-1.6900427300946905,0.3754912989165351,1.9274282342170928,-1.6900427300946914,0,1.9274282342171087,0.025327432602592702
1.76,2.6395109935821326,-1.704559739658734,0.3787169251283915,1.9439842160057434,-1.7045597396587215,0,1.9439842160057665,-1.704559739658734,0.3787169251283915,1.9439842160057434,-1.7045597396587215,0,1.9439842160057665,0.025544966852515123
1.78,2.662153061357201,-1.7191816739173333,0.3819658670579218,1.9606598588350916,-1.7191816739173262,0,1.9606598588351076,-1.7191816739173333,0.3819658670579218,1.9606598588350916,-1.7191816739173262,0,1.9606598588351076,0.02576407322290719
1.8,2.6849576050442625,-1.7339085328704584,0.38523812470512997,1.9774551627051196,-1.7339085328704593,0,1.9774551627051284,-1.7339085328704584,0.38523812470512997,1.9774551627051196,-1.7339085328704593,0,1.9774551627051284,0.02598475171376892
1.82,2.7079246246433613,-1.7487403165181457,0.38853369806998006,1.9943701276158787,-1.7487403165181385,0,1.9943701276159018,-1.7487403165181457,0.38853369806998006,1.9943701276158787,-1.7487403165181385,0,1.9943701276159018,0.0262070023251003
1.84,2.73105412015443,-1.7636770248603542,0.39185258715250115,2.0114047535672945,-1.763677024860355,0,2.011404753567339,-1.7636770248603542,0.39185258715250115,2.0114047535672945,-1.763677024860355,0,2.011404753567339,0.02643082505690133
1.86,2.754346091577523,-1.778718657897116,0.39519479195266416,2.0285590405594203,-1.7787186578971106,0,2.028559040559429,-1.778718657897116,0.39519479195266416,2.0285590405594203,-1.7787186578971106,0,2.028559040559429,0.026656219909172024
1.88,2.7778005389126177,-1.7938652156284558,0.3985603124704802,2.045832988592206,-1.7938652156284576,0,2.0458329885922293,-1.7938652156284558,0.3985603124704802,2.045832988592206,-1.7938652156284576,0,2.0458329885922293,0.026883186881912366
1.9,2.8014174621597423,-1.8091166980543152,0.4019491487059703,2.0632265976657216,-1.809116698054309,0,2.0632265976657234,-1.8091166980543152,0.4019491487059703,2.0632265976657216,-1.809116698054309,0,2.0632265976657234,0.027111725975122368
1.92,2.8251968613188585,-1.8244731051747074,0.4053613006591448,2.080739867779908,-1.8244731051747074,0,2.080739867779929,-1.8244731051747074,0.4053613006591448,2.080739867779908,-1.8244731051747074,0,2.080739867779929,0.027341837188802023
1.94,2.8491387363899907,-1.8399344369896617,0.4087967683299192,2.0983727989347916,-1.8399344369896555,0,2.0983727989348147,-1.8399344369896617,0.4087967683299192,2.0983727989347916,-1.8399344369896555,0,2.0983727989348147,0.027573520522951332
1.96,2.873243087373115,-1.8555006934991445,0.4122555517183748,2.1161253911303497,-1.8555006934991383,0,2.1161253911303657,-1.8555006934991445,0.4122555517183748,2.1161253911303497,-1.8555006934991383,0,2.1161253911303657,0.027806775977570298
1.98,2.897509914268258,-1.8711718747031876,0.415737650824483,2.1339976443665964,-1.8711718747031814,0,2.1339976443666266,-1.8711718747031876,0.415737650824483,2.1339976443665964,-1.8711718747031814,0,2.1339976443666266,0.028041603552658913
2.0,2.9219392170754532,-1.8869479806017786,0.4192430656482973,2.1519895586435673,-1.8869479806017724,0,2.1519895586435958,-1.8869479806017786,0.4192430656482973,2.1519895586435673,-1.8869479806017724,0,2.1519895586435958,0.028278003248217186
2.02,2.946530995794621,-1.9028290111948998,0.42277179618970817,2.1701011339612144,-1.9028290111948998,0,2.1701011339612446,-1.9028290111948998,0.42277179618970817,2.1701011339612144,-1.9028290111948998,0,2.1701011339612446,0.02851597506424511
2.04,2.971285250425842,-1.9188149664825742,0.4263238424488318,2.1883323703195643,-1.9188149664825742,0,2.1883323703195874,-1.9188149664825742,0.4263238424488318,2.1883323703195643,-1.9188149664825742,0,2.1883323703195874,0.02875551900074269
2.06,2.9965183603609837,-1.9351101601350118,0.42994443078747113,2.2069163479174296,-1.9351101601350047,0,2.2069163479174367,-1.9351101601350118,0.42994443078747113,2.2069163479174296,-1.9351101601350047,0,2.2069163479174367,0.02899971098360973
2.08,3.0221924504090234,-1.9516901328495972,0.4336281469556955,2.2258251636825115,-1.9516901328495901,0,2.2258251636825275,-1.9516901328495972,0.4336281469556955,2.2258251636825115,-1.9516901328495901,0,2.2258251636825275,0.0292481827800092
2.1,3.0480719144329766,-1.9684027332669123,0.43734131111009034,2.244885243966692,-1.9684027332669052,0,2.2448852439667224,-1.9684027332669123,0.43734131111009034,2.244885243966692,-1.9684027332669052,0,2.2448852439667224,0.029498643763442297
2.12,3.0741567524328284,-1.985247961386972,0.4410839232506021,2.2640965887699256,-1.985247961386972,0,2.2640965887699345,-1.985247961386972,0.4410839232506021,2.2640965887699256,-1.985247961386972,0,2.2640965887699345,0.02975109393390902
2.14,3.10044696440856,-2.0022258172097755,0.4448559833771879,2.2834591980922347,-2.0022258172097684,0,2.2834591980922365,-2.0022258172097755,0.4448559833771879,2.2834591980922347,-2.0022258172097684,0,2.2834591980922365,0.030005533291409363
2.16,3.126942550360182,-2.0193363007353033,0.4486574914898769,2.3029730719335824,-2.0193363007353033,0,2.3029730719335983,-2.0193363007353033,0.4486574914898769,2.3029730719335824,-2.0193363007353033,0,2.3029730719335983,0.03026196183594333
2.18,3.153643510287727,-2.036579411963576,0.452488447588683,2.322638210294018,-2.036579411963576,0,2.322638210294034,-2.036579411963576,0.452488447588683,2.322638210294018,-2.036579411963576,0,2.322638210294034,0.030520379567510927
2.2,3.1805498441911992,-2.053955150894603,0.4563488516736238,2.342454613173519,-2.0539551508945957,0,2.342454613173528,-2.053955150894603,0.4563488516736238,2.342454613173519,-2.0539551508945957,0,2.342454613173528,0.03078078648611214
2.22,3.207661552070593,-2.0714635175283638,0.46023870374465314,2.362422280572112,-2.0714635175283638,0,2.362422280572142,-2.0714635175283638,0.46023870374465314,2.362422280572112,-2.0714635175283638,0,2.362422280572142,0.03104318259174698
2.24,3.2349786339259077,-2.089104511864865,0.4641580038017963,2.3825412124897483,-2.089104511864858,0,2.3825412124897998,-2.089104511864865,0.4641580038017963,2.3825412124897483,-2.089104511864858,0,2.3825412124897998,0.03130756788441544
2.26,3.262501089757178,-2.106878133904103,0.46810675184505945,2.402811408926496,-2.106878133904096,0,2.402811408926505,-2.106878133904103,0.46810675184505945,2.402811408926496,-2.106878133904096,0,2.402811408926505,0.03157394236411753
2.28,3.2902289195643846,-2.1247843836460856,0.47208494787444355,2.4232328698822894,-2.1247843836460847,0,2.4232328698823125,-2.1247843836460856,0.47208494787444355,2.4232328698822894,-2.1247843836460847,0,2.4232328698823125,0.03184230603085325
2.3,3.3181621233474887,-2.142823261090819,0.47609259188986996,2.4438055953570874,-2.142823261090812,0,2.4438055953571247,-2.142823261090819,0.47609259188986996,2.4438055953570874,-2.142823261090812,0,2.4438055953571247,0.03211265888462259
2.32,3.3463007011065864,-2.1609947662382645,0.4801296838914917,2.464529585351009,-2.1609947662382645,0,2.464529585351052,-2.1609947662382645,0.4801296838914917,2.464529585351009,-2.1609947662382645,0,2.464529585351052,0.032385000925425546
2.34,3.374644652841657,-2.1792988990884528,0.48419622387912,2.485404839864028,-2.179298899088452,0,2.4854048398640423,-2.1792988990884528,0.48419622387912,2.485404839864028,-2.179298899088452,0,2.4854048398640423,0.03265933215326213
2.36,3.403193978552695,-2.197735659641401,0.48829221185291916,2.506431358896073,-2.197735659641401,0,2.506431358896105,-2.197735659641401,0.48829221185291916,2.506431358896073,-2.197735659641401,0,2.506431358896105,0.03293565256813234
2.38,3.431948678239748,-2.216305047897073,0.492417647812885,2.5276091424472114,-2.216305047897066,0,2.5276091424472398,-2.216305047897073,0.492417647812885,2.5276091424472114,-2.216305047897066,0,2.5276091424472398,0.03321396217003617
2.4,3.4609087519028043,-2.23500706385549,0.49657253175890403,2.548938190517447,-2.23500706385549,0,2.548938190517436,-2.23500706385549,0.49657253175890403,2.548938190517447,-2.23500706385549,0,2.548938190517436,0.03349426095897364
2.42,3.490074199541839,-2.2538417075166572,0.5007568636909896,2.5704185031067084,-2.2538417075166635,0,2.570418503106726,-2.2538417075166572,0.5007568636909896,2.5704185031067084,-2.2538417075166635,0,2.570418503106726,0.033776548934944715
2.44,3.5194450211568826,-2.2728089788805734,0.5049706436092465,2.5920500802149995,-2.2728089788805512,0,2.5920500802150386,-2.2728089788805734,0.5049706436092465,2.5920500802149995,-2.2728089788805512,0,2.5920500802150386,0.03406082609794942
2.46,3.549021216747995,-2.2919088779472094,0.5092138715136059,2.6138329218424268,-2.2919088779472014,0,2.6138329218424445,-2.2919088779472094,0.5092138715136059,2.6138329218424268,-2.2919088779472014,0,2.6138329218424445,0.03434709244798776
2.48,3.5788027863151326,-2.311141404716585,0.5134865474040324,2.6357670279889014,-2.311141404716577,0,2.63576702798888,-2.311141404716585,0.5134865474040324,2.6357670279889014,-2.311141404716577,0,2.63576702798888,0.03463534798505972
2.5,3.608789729858307,-2.3305065591886986,0.5177886712806117,2.6578523986544162,-2.3305065591886907,0,2.657852398654434,-2.3305065591886986,0.5177886712806117,2.6578523986544162,-2.3305065591886907,0,2.657852398654434,0.034925592709165294
2.52,3.6389820473775956,-2.350004341363592,0.5221202431432865,2.680089033839039,-2.3500043413635696,0,2.680089033839078,-2.350004341363592,0.5221202431432865,2.680089033839039,-2.3500043413635696,0,2.680089033839078,0.035217826620304496
2.54,3.6693797388729124,-2.3696347512411666,0.5264812629920645,2.7024769335427052,-2.3696347512411586,0,2.7024769335427514,-2.3696347512411666,0.5264812629920645,2.7024769335427052,-2.3696347512411586,0,2.7024769335427514,0.03551204971847733
2.56,3.6999828043443763,-2.3893977888215048,0.5308717308269804,2.725016097765483,-2.389397788821511,0,2.725016097765529,-2.3893977888215048,0.5308717308269804,2.725016097765483,-2.389397788821511,0,2.725016097765529,0.035808262003683776
2.58,3.731323957321348,-2.409637472731508,0.5353683828383975,2.7480987430745962,-2.409637472731486,0,2.7480987430746318,-2.409637472731508,0.5353683828383975,2.7480987430745962,-2.409637472731486,0,2.7480987430746318,0.03611159372848643
2.6,3.7629359892382435,-2.430052086494454,0.5399039186792827,2.771380881698679,-2.430052086494446,0,2.771380881698697,-2.430052086494454,0.5399039186792827,2.771380881698679,-2.430052086494446,0,2.771380881698697,0.03641754548033445
2.62,3.7947953464036663,-2.4506264194800247,0.5444749454930498,2.794845171956986,-2.45062641948003,0,2.794845171957,-2.4506264194800247,0.5444749454930498,2.794845171956986,-2.45062641948003,0,2.794845171957,0.0367258904273959
2.64,3.826902028817603,-2.471360471688212,0.5490814632797636,2.818491613849446,-2.471360471688203,0,2.818491613849485,-2.471360471688212,0.5490814632797636,2.818491613849446,-2.471360471688203,0,2.818491613849485,0.0370366285696708
2.66,3.8592560364800423,-2.492254243119027,0.5537234720394055,2.8423202073760763,-2.492254243119019,0,2.8423202073761082,-2.492254243119027,0.5537234720394055,2.8423202073760763,-2.492254243119019,0,2.8423202073761082,0.037349759907159115
2.68,3.8918573693909906,-2.513307733772452,0.558400971771972,2.866330952536888,-2.513307733772444,0,2.8663309525369485,-2.513307733772452,0.558400971771972,2.866330952536888,-2.513307733772444,0,2.8663309525369485,0.0376652844398609
2.7,3.9247060275504797,-2.5345209436484915,0.5631139624774599,2.8905238493319096,-2.534520943648497,0,2.8905238493319416,-2.5345209436484915,0.5631139624774599,2.8905238493319096,-2.534520943648497,0,2.8905238493319416,0.037983202167776106
2.72,3.9578020109584937,-2.55589387274716,0.5678624441558937,2.9148988977611126,-2.555893872747151,0,2.914898897761116,-2.55589387274716,0.5678624441558937,2.9148988977611126,-2.555893872747151,0,2.914898897761116,0.03830351309090475
2.74,3.9911453196149576,-2.5774265210684275,0.5726464168073022,2.9394560978244435,-2.5774265210684186,0,2.9394560978244755,-2.5774265210684275,0.5726464168073022,2.9394560978244435,-2.5774265210684186,0,2.9394560978244755,0.03862621720924683
2.76,4.024735953519978,-2.599118888612309,0.5774658804315367,2.9641954495220233,-2.5991188886123,0,2.964195449522041,-2.599118888612309,0.5774658804315367,2.9641954495220233,-2.5991188886123,0,2.964195449522041,0.03895131452280236
2.78,4.05857391267346,-2.6209709753788317,0.5823208350287912,2.989116952853692,-2.620970975378823,0,2.9891169528537667,-2.6209709753788317,0.5823208350287912,2.989116952853692,-2.620970975378823,0,2.9891169528537667,0.039278805031571315
2.8,4.092659197075484,-2.6429827813679694,0.5872112805989071,3.0142206078196097,-2.6429827813679463,0,3.0142206078196097,-2.6429827813679694,0.5872112805989071,3.0142206078196097,-2.6429827813679463,0,3.0142206078196097,0.03960868873555372
2.82,4.126991806726015,-2.665154306579704,0.5921372171420112,3.0395064144197015,-2.6651543065796943,0,3.0395064144197015,-2.665154306579704,0.5921372171420112,3.0395064144197015,-2.6651543065796943,0,3.0395064144197015,0.03994096563474955
2.84,4.161571741625038,-2.687485551014081,0.5970986446580366,3.0649743726539462,-2.6874855510140856,0,3.0649743726539747,-2.687485551014081,0.5970986446580366,3.0649743726539462,-2.6874855510140856,0,3.0649743726539747,0.040275635729158835
2.86,4.196399001772553,-2.709976514671058,0.6020955631469906,3.0906244825223688,-2.709976514671034,0,3.0906244825224576,-2.709976514671058,0.6020955631469906,3.0906244825223688,-2.709976514671034,0,3.0906244825224576,0.04061269901878155
2.88,4.231473587168576,-2.7326271975506335,0.6071279726088696,3.1164567440249797,-2.732627197550638,0,3.1164567440249833,-2.7326271975506335,0.6071279726088696,3.1164567440249797,-2.732627197550638,0,3.1164567440249833,0.04095215550361771
2.9,4.266795497813126,-2.7554375996528524,0.6121958730436519,3.1424711571618005,-2.755437599652857,0,3.1424711571618005,-2.7554375996528524,0.6121958730436519,3.1424711571618005,-2.755437599652857,0,3.1424711571618005,0.041294005183667305
2.92,4.302364733706197,-2.77840772097771,0.6172992644514301,3.1686677219327883,-2.7784077209777154,0,3.168667721932806,-2.77840772097771,0.6172992644514301,3.1686677219327883,-2.7784077209777154,0,3.168667721932806,0.041638248058930336
2.94,4.338181294847738,-2.80153756152517,0.622438146832041,3.1950464383379433,-2.8015375615251603,0,3.1950464383379327,-2.80153756152517,0.622438146832041,3.1950464383379433,-2.8015375615251603,0,3.1950464383379327,0.04198488412940681
2.96,4.374245181237756,-2.8248271212952565,0.6276125201856826,3.2216073063772193,-2.824827121295261,0,3.2216073063772477,-2.8248271212952565,0.6276125201856826,3.2216073063772193,-2.824827121295261,0,3.2216073063772477,0.04233391339509671
2.98,4.410556392876261,-2.848276400287915,0.6328223845121643,3.248350326050712,-2.8482764002879195,0,3.2483503260507725,-2.848276400287915,0.6328223845121643,3.248350326050712,-2.8482764002879195,0,3.2483503260507725,0.042685335856000074
3.0,4.447114929763297,-2.8718853985032293,0.638067739811663,3.2752754973583755,-2.8718853985032053,0,3.2752754973584217,-2.8718853985032293,0.638067739811663,3.2752754973583755,-2.8718853985032053,0,3.2752754973584217,0.04303915151211686
3.02,4.48392079189889,-2.8956541159411424,0.6433485860840586,3.3023828203003056,-2.895654115941147,0,3.302382820300334,-2.8956541159411424,0.6433485860840586,3.3023828203003056,-2.895654115941147,0,3.302382820300334,0.043395360363447086
3.04,4.520973979282925,-2.9195825526016854,0.6486649233293718,3.329672294876346,-2.9195825526016606,0,3.329672294876346,-2.9195825526016854,0.6486649233293718,3.329672294876346,-2.9195825526016606,0,3.329672294876346,0.04375396240999075
3.06,4.558274491915506,-2.943670708484839,0.6540167515476099,3.357143921086628,-2.9436707084848424,0,3.3571439210865996,-2.943670708484839,0.6540167515476099,3.357143921086628,-2.9436707084848424,0,3.3571439210865996,0.044114957651747846
3.08,4.595841280951818,-2.9679308220001044,0.6594067786022557,3.384811660947989,-2.967930822000109,0,3.3848116609479924,-2.9679308220001044,0.6594067786022557,3.384811660947989,-2.967930822000109,0,3.3848116609479924,0.0444785304372852
3.1,4.633695118919897,-2.9923763077756975,0.6648379726061546,3.4126908183501854,-2.992376307775702,0,3.412690818350246,-2.9923763077756975,0.6648379726061546,3.4126908183501854,-2.992376307775702,0,3.412690818350246,0.04484488283268723
3.12,4.671802852806929,-3.016985756027376,0.6703055964429647,3.440756968242482,-3.016985756027351,0,3.4407569682425,-3.016985756027376,0.6703055964429647,3.440756968242482,-3.016985756027351,0,3.4407569682425,0.045213692339916636
3.14,4.7101647263676405,-3.0417593241687495,0.6758096849416702,3.4690102902080504,-3.0417593241687246,0,3.4690102902080824,-3.0417593241687495,0.6758096849416702,3.4690102902080504,-3.0417593241687246,0,3.4690102902080824,0.04558496133011301
3.16,4.748780983356788,-3.066697169613496,0.6813502729315983,3.4974509638300084,-3.0666971696134713,0,3.497450963830069,-3.066697169613496,0.6813502729315983,3.4974509638300084,-3.0666971696134713,0,3.497450963830069,0.045958692174415915
3.18,4.787651867528993,-3.091799449775193,0.6869273952421331,3.5260791686913677,-3.0917994497751824,0,3.526079168691428,-3.091799449775193,0.6869273952421331,3.5260791686913677,-3.0917994497751824,0,3.526079168691428,0.04633488724396495
3.2,4.826777622639016,-3.1170663220674824,0.6925410867023798,3.5548950843752927,-3.117066322067486,0,3.554895084375307,-3.1170663220674824,0.6925410867023798,3.5548950843752927,-3.117066322067486,0,3.554895084375307,0.04671354890989968
3.22,4.866158492441653,-3.1424979439040186,0.6981913821415935,3.5838988904649938,-3.142497943904008,0,3.5838988904650257,-3.1424979439040186,0.6981913821415935,3.5838988904649938,-3.142497943904008,0,3.5838988904650257,0.04709467954335969
3.24,4.90579472069159,-3.1680944726984333,0.7038783163891078,3.613090766543518,-3.1680944726984226,0,3.6130907665435785,-3.1680944726984333,0.7038783163891078,3.613090766543518,-3.1680944726984226,0,3.6130907665435785,0.047478281515484555
3.26,4.945686551143549,-3.193856065864294,0.7096019242740583,3.6424708921940407,-3.1938560658642956,0,3.6424708921940407,-3.193856065864294,0.7096019242740583,3.6424708921940407,-3.1938560658642956,0,3.6424708921940407,0.04786435719741386
3.28,4.985834227552225,-3.2197828808153215,0.7153622406258204,3.672039446999584,-3.219782880815309,0,3.67203944699963,-3.2197828808153215,0.7153622406258204,3.672039446999584,-3.219782880815309,0,3.67203944699963,0.04825290896028718
3.3,5.026237993672408,-3.2458750749651077,0.7211593002735217,3.7017966105433437,-3.245875074965097,0,3.7017966105433864,-3.2458750749651077,0.7211593002735217,3.7017966105433437,-3.245875074965097,0,3.7017966105433864,0.0486439391752441
3.32,5.066898093258802,-3.272132805727269,0.726993138046538,3.731742562408453,-3.2721328057272725,0,3.731742562408442,-3.272132805727269,0.726993138046538,3.731742562408453,-3.2721328057272725,0,3.731742562408442,0.04903745021342419
3.34,5.1078147700660885,-3.298556230515432,0.7328637887740173,3.76187748217799,-3.298556230515434,0,3.7618774821780185,-3.298556230515432,0.7328637887740173,3.76187748217799,-3.298556230515434,0,3.7618774821780185,0.04943344444596703
3.36,5.148988267849108,-3.325145506743244,0.7387712872852665,3.792201549435166,-3.325145506743233,0,3.792201549435166,-3.325145506743244,0.7387712872852665,3.792201549435166,-3.325145506743233,0,3.792201549435166,0.049831924244012206
3.38,5.190418830362396,-3.3519007918243258,0.7447156684095471,3.8227149437629038,-3.3519007918243293,0,3.82271494376295,-3.3519007918243258,0.7447156684095471,3.8227149437629038,-3.3519007918243293,0,3.82271494376295,0.05023289197869928
3.4,5.232106701360857,-3.3788222431723565,0.7506969669759296,3.853417844744534,-3.378822243172344,0,3.8534178447445377,-3.3788222431723565,0.7506969669759296,3.853417844744534,-3.378822243172344,0,3.8534178447445377,0.05063635002116786
3.42,5.274052124599136,-3.40591001820086,0.7567152178139538,3.8843104319631117,-3.4059100182008493,0,3.884310431963158,-3.40591001820086,0.7567152178139538,3.8843104319631117,-3.4059100182008493,0,3.884310431963158,0.0510423007425575
3.44,5.3162553438319415,-3.4331642743235626,0.7627704557527681,3.9153928850016477,-3.433164274323566,0,3.9153928850017223,-3.4331642743235626,0.7627704557527681,3.9153928850016477,-3.433164274323566,0,3.9153928850017223,0.05145074651400779
3.46,5.358716602814091,-3.4605851689540366,0.7688627156214438,3.9466653834435057,-3.4605851689540383,0,3.9466653834435483,-3.4605851689540366,0.7688627156214438,3.9466653834435057,-3.4605851689540383,0,3.9466653834435483,0.05186168970665831
3.48,5.401436145300243,-3.48817285950593,0.7749920322494135,3.978128106871651,-3.4881728595059336,0,3.978128106871697,-3.48817285950593,0.7749920322494135,3.978128106871651,-3.4881728595059336,0,3.978128106871697,0.052275132691648615
3.5,5.444414215045052,-3.515927503392902,0.7811584404658403,4.009781234869084,-3.5159275033929056,0,4.009781234869102,-3.515927503392902,0.7811584404658403,4.009781234869084,-3.5159275033929056,0,4.009781234869102,0.052691077840118325
3.52,5.487651055803461,-3.5438492580285903,0.7873619751000569,4.041624947019212,-3.5438492580285796,0,4.041624947019258,-3.5438492580285903,0.7873619751000569,4.041624947019212,-3.5438492580285796,0,4.041624947019258,0.05310952752320698
3.54,5.531146911329967,-3.57193828082654,0.7936026709812629,4.0736594229049565,-3.57193828082654,0,4.073659422905017,-3.57193828082654,0.7936026709812629,4.0736594229049565,-3.57193828082654,0,4.073659422905017,0.05353048411205418
3.56,5.574902025379464,-3.6001947292004832,0.7998805629388204,4.105884842109482,-3.600194729200469,0,4.105884842109543,-3.6001947292004832,0.7998805629388204,4.105884842109482,-3.600194729200469,0,4.105884842109543,0.053953949977799495
3.58,5.618916641706541,-3.6286187605639633,0.8061956858017276,4.138301384215936,-3.6286187605639793,0,4.138301384215996,-3.6286187605639633,0.8061956858017276,4.138301384215936,-3.6286187605639793,0,4.138301384215996,0.054379927491582526
3.6,5.663191004066011,-3.6572105323306783,0.812548074399404,4.170909228807417,-3.65721053233068,0,4.170909228807421,-3.6572105323306783,0.812548074399404,4.170909228807417,-3.65721053233068,0,4.170909228807421,0.05480841902454282
3.62,5.70772535621259,-3.685970201914264,0.8189377635610273,4.203708555467031,-3.6859702019142535,0,4.2037085554670774,-3.685970201914264,0.8189377635610273,4.203708555467031,-3.6859702019142535,0,4.2037085554670774,0.05523942694781997
3.64,5.752519941900923,-3.714897926728227,0.825364788115972,4.23669954377791,-3.7148979267282147,0,4.236699543777942,-3.714897926728227,0.825364788115972,4.23669954377791,-3.7148979267282147,0,4.236699543777942,0.055672953632553555
3.66,5.797575004885898,-3.7439938641863844,0.8318291828933821,4.269882373323242,-3.743993864186372,0,4.269882373323288,-3.7439938641863844,0.8318291828933821,4.269882373323242,-3.743993864186372,0,4.269882373323288,0.05610900144988316
3.68,5.842890788922142,-3.7732581717021905,0.838330982722582,4.3032572236861135,-3.773258171702178,0,4.303257223686131,-3.7732581717021905,0.838330982722582,4.3032572236861135,-3.773258171702178,0,4.303257223686131,0.05654757277094836
3.7,5.8884675377643205,-3.8026910066893542,0.8448702224326365,4.336824274449619,-3.802691006689356,0,4.336824274449679,-3.8026910066893542,0.8448702224326365,4.336824274449619,-3.802691006689356,0,4.336824274449679,0.0569886699668887
3.72,5.934305495167317,-3.8322925265615844,0.8514469368530775,4.370583705196864,-3.8322925265615844,0,4.3705837051968395,-3.8322925265615844,0.8514469368530775,4.370583705196864,-3.8322925265615844,0,4.3705837051968395,0.05743229540884382
3.74,5.980404904885681,-3.8620628887323676,0.8580611608129036,4.404535695510976,-3.862062888732355,0,4.404535695511036,-3.8620628887323676,0.8580611608129036,4.404535695510976,-3.862062888732355,0,4.404535695511036,0.05787845146795327
3.76,6.026766010674196,-3.8920022506154037,0.8647129291414437,4.438680424975065,-3.8920022506153895,0,4.438680424975168,-3.8920022506154037,0.8647129291414437,4.438680424975065,-3.8920022506153895,0,4.438680424975168,0.05832714051535661
3.78,6.073389056287766,-3.9221107696243394,0.8714022766680865,4.47301807317244,-3.9221107696243394,0,4.473018073172501,-3.9221107696243394,0.8714022766680865,4.47301807317244,-3.9221107696243394,0,4.473018073172501,0.05877836492219344
3.8,6.120274285480898,-3.952388603172812,0.8781292382218946,4.5075488196859546,-3.952388603172798,0,4.5075488196859865,-3.952388603172812,0.8781292382218946,4.5075488196859546,-3.952388603172798,0,4.5075488196859865,0.059232127059603346
3.82,6.1674219420084295,-3.9828359086743745,0.8848938486321964,4.542272844098925,-3.9828359086743745,0,4.542272844098928,-3.9828359086743745,0.8848938486321964,4.542272844098925,-3.9828359086743745,0,4.542272844098928,0.05968842929872589
3.84,6.214832269625031,-4.01345284354273,0.8916961427282875,4.577190325994362,-4.013452843542716,0,4.577190325994394,-4.01345284354273,0.8916961427282875,4.577190325994362,-4.013452843542716,0,4.577190325994394,0.06014727401070064
3.86,6.262505512085425,-4.044239565191486,0.8985361553392335,4.612301444955403,-4.044239565191486,0,4.612301444955406,-4.044239565191486,0.8985361553392335,4.612301444955403,-4.044239565191486,0,4.612301444955406,0.0606086635666672
3.88,6.310441913144285,-4.075196231034246,0.9054139212945529,4.647606380565087,-4.075196231034232,0,4.647606380565147,-4.075196231034246,0.9054139212945529,4.647606380565087,-4.075196231034232,0,4.647606380565147,0.06107260033776516
3.9,6.3586417165565,-4.106322998484684,0.9123294754232427,4.683105312406763,-4.10632299848467,0,4.683105312406795,-4.106322998484684,0.9123294754232427,4.683105312406763,-4.10632299848467,0,4.683105312406795,0.06153908669513407
3.92,6.407105166076755,-4.137620024956433,0.919282852554725,4.718798420063425,-4.137620024956433,0,4.718798420063429,-4.137620024956433,0.919282852554725,4.718798420063425,-4.137620024956433,0,4.718798420063429,0.062008125009913505
3.94,6.455832505459708,-4.169087467863081,0.926274087518316,4.754685883118185,-4.169087467863067,0,4.7546858831182455,-4.169087467863081,0.926274087518316,4.754685883118185,-4.169087467863067,0,4.7546858831182455,0.06247971765324306
3.96,6.504823978460123,-4.200725484618307,0.9333032151429883,4.790767881154203,-4.200725484618292,0,4.790767881154206,-4.200725484618307,0.9333032151429883,4.790767881154203,-4.200725484618292,0,4.790767881154206,0.06295386699626232
3.98,6.554079828832563,-4.232534232635619,0.94037027025814,4.827044593754433,-4.232534232635619,0,4.827044593754536,-4.232534232635619,0.94037027025814,4.827044593754433,-4.232534232635619,0,4.827044593754536,0.06343057541011085
4.0,6.603600300332113,-4.264513869328875,0.9474752876930106,4.8635162005023425,-4.264513869328873,0,4.863516200502389,-4.264513869328875,0.9474752876930106,4.8635162005023425,-4.264513869328873,0,4.863516200502389,0.06390984526592824
4.02,6.653385636713232,-4.2966645521115225,0.9546183022768933,4.900182880980772,-4.296664552111508,0,4.900182880980804,-4.2966645521115225,0.9546183022768933,4.900182880980772,-4.296664552111508,0,4.900182880980804,0.06439167893485406
4.04,6.703436081730619,-4.328986438397216,0.9617993488389915,4.937044814772818,-4.328986438397216,0,4.937044814772904,-4.328986438397216,0.9617993488389915,4.937044814772818,-4.328986438397216,0,4.937044814772904,0.06487607878802788
4.06,6.75375187913918,-4.361479685599621,0.969018462208632,4.9741021814618165,-4.361479685599619,0,4.974102181461873,-4.361479685599621,0.969018462208632,4.9741021814618165,-4.361479685599619,0,4.974102181461873,0.06536304719658931
4.08,6.8043332726935315,-4.3941444511323695,0.9762756772149492,5.011355160630771,-4.394144451132355,0,5.011355160630792,-4.3941444511323695,0.9762756772149492,5.011355160630771,-4.394144451132355,0,5.011355160630792,0.06585258653167789
4.1,6.8549899624761315,-4.426857841886113,0.983543724774067,5.048663583139259,-4.426857841886111,0,5.048663583139373,-4.426857841886113,0.983543724774067,5.048663583139259,-4.426857841886111,0,5.048663583139373,0.06634285214813054
4.12,6.90462271008562,-4.458909984588136,0.990665089664148,5.085217783167316,-4.4589099845881215,0,5.08521778316733,-4.458909984588136,0.990665089664148,5.085217783167316,-4.4589099845881215,0,5.08521778316733,0.06682318869519589
4.14,6.954426813733747,-4.491072786636016,0.997811051777131,5.12189818137626,-4.491072786636,0,5.121898181376324,-4.491072786636016,0.997811051777131,5.12189818137626,-4.491072786636,0,5.121898181376324,0.06730518268658205
4.16,7.0044003495074065,-4.5233450055928,1.0049813353267734,5.158703360710412,-4.523345005592786,0,5.158703360710447,-4.5233450055928,1.0049813353267734,5.158703360710412,-4.523345005592786,0,5.158703360710447,0.06778881548135343
4.18,7.054541393493347,-4.555725399021531,1.0121756645268452,5.195631904114073,-4.555725399021515,0,5.195631904114109,-4.555725399021531,1.0121756645268452,5.195631904114073,-4.555725399021515,0,5.195631904114109,0.06827406843857439
4.2,7.104848021778439,-4.58821272448513,1.0193937635910895,5.232682394531672,-4.5882127244851425,0,5.2326823945317,-4.58821272448513,1.0193937635910895,5.232682394531672,-4.5882127244851425,0,5.2326823945317,0.06876092291730938
4.22,7.155318310449614,-4.62080573954692,1.026635356733446,5.269853414907381,-4.620805739546904,0,5.269853414907473,-4.62080573954692,1.026635356733446,5.269853414907381,-4.620805739546904,0,5.269853414907473,0.06924936027662273
4.24,7.20595033559356,-4.653503201769739,1.0339001681674098,5.307143548185579,-4.653503201769752,0,5.3071435481856,-4.653503201769739,1.0339001681674098,5.307143548185579,-4.653503201769752,0,5.3071435481856,0.06973936187557889
4.26,7.2567421732970105,-4.6863038687166885,1.0411879221068219,5.34455137731041,-4.686303868716701,0,5.344551377310445,-4.6863038687166885,1.0411879221068219,5.34455137731041,-4.686303868716701,0,5.344551377310445,0.07023090907324221
4.28,7.30769189964699,-4.71920649795088,1.0484983427656211,5.382075485226331,-4.719206497950836,0,5.3820754852263875,-4.71920649795088,1.0484983427656211,5.382075485226331,-4.719206497950836,0,5.3820754852263875,0.07072398322867712
4.3,7.3587975907301235,-4.752209847035257,1.055831154357398,5.419714454877536,-4.752209847035269,0,5.419714454877621,-4.752209847035257,1.055831154357398,5.419714454877536,-4.752209847035269,0,5.419714454877621,0.07121856570094799
4.32,7.410057322633461,-4.78531267353301,1.0631860810958842,5.45746686920851,-4.785312673532966,0,5.457466869208531,-4.78531267353301,1.0631860810958842,5.45746686920851,-4.785312673532966,0,5.457466869208531,0.07171463784911922
4.34,7.461469171443586,-4.818513735006961,1.0705628471949016,5.495331311163433,-4.818513735006974,0,5.495331311163461,-4.818513735006961,1.0705628471949016,5.495331311163433,-4.818513735006974,0,5.495331311163461,0.07221218103225516
4.36,7.513031213247467,-4.851811789020429,1.0779611768680564,5.533306363686592,-4.85181178902044,0,5.533306363686563,-4.851811789020429,1.0779611768680564,5.533306363686592,-4.85181178902044,0,5.533306363686563,0.07271117660942028
4.38,7.564741524131842,-4.885205593136369,1.085380794329418,5.571390609722201,-4.885205593136323,0,5.571390609722329,-4.885205593136369,1.085380794329418,5.571390609722201,-4.885205593136323,0,5.571390609722329,0.07321160593967892
4.4,7.616598180183674,-4.918693904917726,1.092821423792465,5.609582632214931,-4.918693904917708,0,5.609582632214995,-4.918693904917726,1.092821423792465,5.609582632214931,-4.918693904917708,0,5.609582632214995,0.07371345038209551
4.42,7.668599257489529,-4.952275481927609,1.1002827894711835,5.647881014108556,-4.95227548192762,0,5.647881014108592,-4.952275481927609,1.1002827894711835,5.647881014108556,-4.95227548192762,0,5.647881014108592,0.07421669129573438
4.44,7.720742832136437,-4.985949081729162,1.1077646155791214,5.68628433834774,-4.985949081729144,0,5.686284338347747,-4.985949081729162,1.1077646155791214,5.68628433834774,-4.985949081729144,0,5.686284338347747,0.07472131003966
4.46,7.773026980211135,-5.01971346188531,1.115266626330186,5.72479118787669,-5.019713461885322,0,5.724791187876754,-5.01971346188531,1.115266626330186,5.72479118787669,-5.019713461885322,0,5.724791187876754,0.0752272879729367
4.48,7.825449777800578,-5.053567379959201,1.122788545938004,5.763400145639828,-5.053567379959185,0,5.763400145639828,-5.053567379959201,1.122788545938004,5.763400145639828,-5.053567379959185,0,5.763400145639828,0.07573460645462893
4.5,7.8780093009912875,-5.087509593513833,1.1303300986164615,5.802109794581078,-5.087509593513815,0,5.802109794581199,-5.087509593513833,1.1303300986164615,5.802109794581078,-5.087509593513815,0,5.802109794581199,0.076243246843801
4.52,7.930703625870338,-5.121538860112251,1.137891008579313,5.840918717645096,-5.121538860112263,0,5.840918717645131,-5.121538860112251,1.137891008579313,5.840918717645096,-5.121538860112263,0,5.840918717645131,0.0767531904995174
4.54,7.98353082852461,-5.155653937317535,1.1454710000401107,5.8798254977762525,-5.1556539373174886,0,5.87982549777626,-5.155653937317535,1.1454710000401107,5.8798254977762525,-5.1556539373174886,0,5.87982549777626,0.07726441878084246
4.56,8.03648898504066,-5.189853582692718,1.1530697972129085,5.918828717918487,-5.189853582692729,0,5.918828717918551,-5.189853582692718,1.1530697972129085,5.918828717918487,-5.189853582692729,0,5.918828717918551,0.0777769130468406
4.58,8.089576171505533,-5.224136553800902,1.1606871243112007,5.957926961016419,-5.2241365538008555,0,5.957926961016533,-5.224136553800902,1.1606871243112007,5.957926961016419,-5.2241365538008555,0,5.957926961016533,0.07829065465657617
4.6,8.142790464005966,-5.2585016082050355,1.1683227055489276,5.9971188100142285,-5.258501608205018,0,5.9971188100142925,-5.2585016082050355,1.1683227055489276,5.9971188100142285,-5.258501608205018,0,5.9971188100142925,0.07880562496911364
4.62,8.196129938628804,-5.292947503468213,1.175976265139803,6.036402847856245,-5.292947503468193,0,6.036402847856301,-5.292947503468213,1.175976265139803,6.036402847856245,-5.292947503468193,0,6.036402847856301,0.07932180534351735
4.64,8.249592671460757,-5.32747299715356,1.1836475272974978,6.0757776574866185,-5.32747299715354,0,6.075777657486654,-5.32747299715356,1.1836475272974978,6.0757776574866185,-5.32747299715354,0,6.075777657486654,0.07983917713885166
4.66,8.303176738588833,-5.36207684682406,1.1913362162359835,6.1152418218498426,-5.36207684682404,0,6.1152418218499065,-5.36207684682406,1.1913362162359835,6.1152418218498426,-5.36207684682404,0,6.1152418218499065,0.08035772171418107
4.68,8.356880216099846,-5.39675781004277,1.1990420561687642,6.154793923890281,-5.396757810042722,0,6.154793923890281,-5.39675781004277,1.1990420561687642,6.154793923890281,-5.396757810042722,0,6.154793923890281,0.08087742042856987
4.7,8.410701180080359,-5.43151464437263,1.2067647713097287,6.194432546552001,-5.4315146443726405,0,6.194432546552058,-5.43151464437263,1.2067647713097287,6.194432546552001,-5.4315146443726405,0,6.194432546552058,0.0813982546410825
4.72,8.464637706617456,-5.466346107376975,1.214504085872628,6.234156272779316,-5.466346107376928,0,6.234156272779465,-5.466346107376975,1.214504085872628,6.234156272779316,-5.466346107376928,0,6.234156272779465,0.08192020571078333
4.74,8.518687871797969,-5.501250956618575,1.2222597240711748,6.273963685516875,-5.501250956618556,0,6.273963685516875,-5.501250956618575,1.2222597240711748,6.273963685516875,-5.501250956618556,0,6.273963685516875,0.0824432549967368
4.76,8.572849751708484,-5.536227949660569,1.2300314101191843,6.313853367708525,-5.536227949660578,0,6.313853367708589,-5.536227949660569,1.2300314101191843,6.313853367708525,-5.536227949660578,0,6.313853367708589,0.08296738385800723
4.78,8.627121422436108,-5.571275844066093,1.2378188682304314,6.353823902298906,-5.571275844066102,0,6.353823902298913,-5.571275844066093,1.2378188682304314,6.353823902298906,-5.571275844066102,0,6.353823902298913,0.08349257365365909
4.8,8.681500960067481,-5.606393397398119,1.2456218226185838,6.393873872232106,-5.6063933973981275,0,6.3938738722322555,-5.606393397398119,1.2456218226185838,6.393873872232106,-5.6063933973981275,0,6.3938738722322555,0.08401880574275668
4.82,8.735986440689473,-5.641579367219746,1.2534399974974786,6.434001860452462,-5.641579367219698,0,6.434001860452497,-5.641579367219746,1.2534399974974786,6.434001860452462,-5.641579367219698,0,6.434001860452497,0.0845460614843645
4.84,8.79057594038899,-5.67683251109392,1.2612731170808829,6.4742064499045,-5.676832511093901,0,6.474206449904585,-5.67683251109392,1.2612731170808829,6.4742064499045,-5.676832511093901,0,6.474206449904585,0.08507432223754684
4.86,8.845267535252702,-5.712151586583836,1.2691209055823807,6.514486223532181,-5.712151586583845,0,6.5144862235323515,-5.712151586583836,1.2691209055823807,6.514486223532181,-5.712151586583845,0,6.5144862235323515,0.08560356936136819
4.88,8.900059301367467,-5.747535351252319,1.2769830872158927,6.55483976427999,-5.747535351252326,0,6.554839764280025,-5.747535351252319,1.2769830872158927,6.55483976427999,-5.747535351252326,0,6.554839764280025,0.08613378421489289
4.9,8.954949314820329,-5.7829825626627045,1.2848593861952606,6.595265655092362,-5.782982562662685,0,6.595265655092369,-5.7829825626627045,1.2848593861952606,6.595265655092362,-5.782982562662685,0,6.595265655092369,0.08666494815718534
4.92,9.009935651697802,-5.818491978377901,1.2927495267340054,6.635762478913229,-5.81849197837791,0,6.635762478913293,-5.818491978377901,1.2927495267340054,6.635762478913229,-5.81849197837791,0,6.635762478913293,0.0871970425473099
4.94,9.06501638808707,-5.8540623559609415,1.3006532330461704,6.676328818687395,-5.85406235596095,0,6.67632881868748,-5.8540623559609415,1.3006532330461704,6.676328818687395,-5.85406235596095,0,6.67632881868748,0.08773004874433105
4.96,9.119658674631694,-5.889349588793234,1.308493966667812,6.716572268893806,-5.889349588793214,0,6.71657226889387,-5.889349588793234,1.308493966667812,6.716572268893806,-5.889349588793214,0,6.71657226889387,0.08825881700250787
4.98,9.172083439195207,-5.923204777117029,1.3160161804119692,6.755182670420936,-5.923204777117009,0,6.755182670421,-5.923204777117029,1.3160161804119692,6.755182670420936,-5.923204777117009,0,6.755182670421,0.08876615351269831
5.0,9.224408222490931,-5.956995398933348,1.3235240405738233,6.793719439719673,-5.956995398933357,0,6.793719439719787,-5.956995398933348,1.3235240405738233,6.793719439719673,-5.956995398933357,0,6.793719439719787,0.08927252310348803
5.02,9.276627078422573,-5.990717614336125,1.331016693616795,6.8321781976850815,-5.9907176143361625,0,6.832178197685032,-5.990717614336125,1.331016693616795,6.8321781976850815,-5.9907176143361625,0,6.832178197685032,0.08977786826173673
5.04,9.32873406089392,-6.024367583419199,1.3384932860039953,6.870554565212537,-6.024367583419178,0,6.8705545652126006,-6.024367583419199,1.3384932860039953,6.870554565212537,-6.024367583419178,0,6.8705545652126006,0.09028213147430397
5.06,9.380723223808928,-6.057941466276375,1.345952964198717,6.908844163197607,-6.057941466276356,0,6.908844163197614,-6.057941466276375,1.345952964198717,6.908844163197607,-6.057941466276356,0,6.908844163197614,0.09078525522804944
5.08,9.432588621071123,-6.091435423001471,1.3533948746643407,6.9470426125352205,-6.091435423001478,0,6.947042612535341,-6.091435423001471,1.3533948746643407,6.9470426125352205,-6.091435423001478,0,6.947042612535341,0.09128718200983266
5.1,9.484324306584593,-6.124845613688459,1.3608181638640726,6.985145534120967,-6.124845613688409,0,6.985145534120974,-6.124845613688459,1.3608181638640726,6.985145534120967,-6.124845613688409,0,6.985145534120974,0.09178785430651333
5.12,9.535924334253156,-6.158168198431133,1.3682219782609852,7.023148548850351,-6.158168198431142,0,7.023148548850358,-6.158168198431133,1.3682219782609852,7.023148548850351,-6.158168198431142,0,7.023148548850358,0.09228721460495107
5.14,9.587382757980363,-6.191399337323299,1.3756054643187356,7.061047277618243,-6.191399337323306,0,7.061047277618364,-6.191399337323299,1.3756054643187356,7.061047277618243,-6.191399337323306,0,7.061047277618364,0.09278520539200544
5.16,9.63869363167035,-6.224535190458907,1.3829677684999426,7.098837341320561,-6.2245351904588855,0,7.098837341320625,-6.224535190458907,1.3829677684999426,7.098837341320561,-6.2245351904588855,0,7.098837341320625,0.09328176915453609
5.18,9.68985100922664,-6.2575719179316245,1.3903080372682917,7.13651436085221,-6.257571917931632,0,7.136514360852303,-6.2575719179316245,1.3903080372682917,7.13651436085221,-6.257571917931632,0,7.136514360852303,0.09377684837940267
5.2,9.740848944553136,-6.290505679835544,1.397625417087215,7.174073957108455,-6.290505679835494,0,7.174073957108632,-6.290505679835544,1.397625417087215,7.174073957108455,-6.290505679835494,0,7.174073957108632,0.09427038555346477
5.22,9.791681491553941,-6.323332636264407,1.4049190544194117,7.211511750985281,-6.323332636264411,0,7.211511750985402,-6.323332636264407,1.4049190544194117,7.211511750985281,-6.323332636264411,0,7.211511750985402,0.09476232316358198
5.24,9.842342704132323,-6.356048947311997,1.4121880957284558,7.248823363377227,-6.356048947311972,0,7.248823363377454,-6.356048947311997,1.4121880957284558,7.248823363377227,-6.356048947311972,0,7.248823363377454,0.095252603696614
5.26,9.892826636192616,-6.388650773072335,1.4194316874777062,7.286004415180166,-6.388650773072342,0,7.286004415180251,-6.388650773072335,1.4194316874777062,7.286004415180166,-6.388650773072342,0,7.286004415180251,0.09574116963942036
5.28,9.943127341638256,-6.421134273639055,1.4266489761300098,7.323050527289212,-6.421134273639087,0,7.323050527289276,-6.421134273639055,1.4266489761300098,7.323050527289212,-6.421134273639087,0,7.323050527289276,0.09622796347886076
5.3,9.993238874373276,-6.453495609106284,1.4338391081491482,7.359957320599662,-6.4534956091062305,0,7.359957320599726,-6.453495609106284,1.4338391081491482,7.359957320599662,-6.4534956091062305,0,7.359957320599726,0.09671292770179472
5.32,10.043155288301318,-6.485730939567567,1.4410012299978288,7.396720416007007,-6.485730939567574,0,7.396720416007184,-6.485730939567567,1.4410012299978288,7.396720416007007,-6.485730939567574,0,7.396720416007184,0.09719600479508197
5.34,10.092870637326463,-6.5178364251169825,1.4481344881396643,7.433335434406651,-6.517836425116961,0,7.433335434406601,-6.5178364251169825,1.4481344881396643,7.433335434406651,-6.517836425116961,0,7.433335434406601,0.09767713724558204
5.36,10.142378975352363,-6.549808225848334,1.4552380290377593,7.469797996693828,-6.549808225848341,0,7.469797996693856,-6.549808225848334,1.4552380290377593,7.469797996693828,-6.549808225848341,0,7.469797996693856,0.09815626754015461
5.38,10.19167435628254,-6.5816425018554305,1.4623109991554992,7.506103723763495,-6.581642501855409,0,7.506103723763616,-6.5816425018554305,1.4623109991554992,7.506103723763495,-6.581642501855409,0,7.506103723763616,0.09863333816565922
5.4,10.240750834021464,-6.613335413232175,1.4693525449561404,7.542248236511732,-6.613335413232182,0,7.542248236511796,-6.613335413232175,1.4693525449561404,7.542248236511732,-6.613335413232182,0,7.542248236511796,0.09910829160895564
5.42,10.289602462472383,-6.6448831200724285,1.4763618129024758,7.578227155833311,-6.644883120072404,0,7.578227155833368,-6.6448831200724285,1.4763618129024758,7.578227155833311,-6.644883120072404,0,7.578227155833368,0.09958107035690329
5.44,10.33822329553926,-6.676281782469935,1.4833379494584733,7.614036102623665,-6.676281782469914,0,7.614036102623842,-6.676281782469935,1.4833379494584733,7.614036102623665,-6.676281782469914,0,7.614036102623842,0.10005161689636197
5.46,10.38660738712603,-6.707527560518681,1.4902801010866966,7.649670697778362,-6.707527560518656,0,7.649670697778426,-6.707527560518681,1.4902801010866966,7.649670697778362,-6.707527560518656,0,7.649670697778426,0.10051987371419122
5.48,10.434748791136505,-6.738616614312416,1.4971874142508437,7.685126562192693,-6.7386166143124235,0,7.685126562192757,-6.738616614312416,1.4971874142508437,7.685126562192693,-6.7386166143124235,0,7.685126562192757,0.10098578329725061
5.5,10.482641561474356,-6.769545103945152,1.5040590354142296,7.720399316761636,-6.769545103945127,0,7.7203993167617,-6.769545103945152,1.5040590354142296,7.720399316761636,-6.769545103945127,0,7.7203993167617,0.10144928813239981
5.52,10.530279752043352,-6.8003091895105,1.5108941110396605,7.755484582380809,-6.800309189510475,0,7.755484582380987,-6.8003091895105,1.5108941110396605,7.755484582380809,-6.800309189510475,0,7.755484582380987,0.1019103307064985
5.54,10.577657416747638,-6.830905031102475,1.5176917875907634,7.790377979945767,-6.830905031102475,0,7.790377979945831,-6.830905031102475,1.5176917875907634,7.790377979945767,-6.830905031102475,0,7.790377979945831,0.10236885350640623
5.56,10.624768609490669,-6.861328788814948,1.5244512115306703,7.825075130351408,-6.861328788814923,0,7.8250751303515,-6.861328788814948,1.5244512115306703,7.825075130351408,-6.861328788814923,0,7.8250751303515,0.10282479901898259
5.58,10.671607384176536,-6.891576622741649,1.5311715293225365,7.859571654493472,-6.891576622741653,0,7.859571654493536,-6.891576622741649,1.5311715293225365,7.859571654493472,-6.891576622741653,0,7.859571654493536,0.10327810973108725
5.6,10.718167794708913,-6.921644692976653,1.5378518874296985,7.893863173266986,-6.92164469297666,0,7.893863173266993,-6.921644692976653,1.5378518874296985,7.893863173266986,-6.92164469297666,0,7.893863173266993,0.10372872812957981
5.62,10.764443894991526,-6.951529159613575,1.5444914323153816,7.927945307567313,-6.95152915961355,0,7.927945307567406,-6.951529159613575,1.5444914323153816,7.927945307567313,-6.95152915961355,0,7.927945307567406,0.10417659670131989
5.64,10.810429738928335,-6.98122618274634,1.5510893104428725,7.961813678289992,-6.981226182746319,0,7.961813678290056,-6.98122618274634,1.5510893104428725,7.961813678289992,-6.981226182746319,0,7.961813678290056,0.10462165793316713
5.66,10.856119380423166,-7.010731922468775,1.5576446682754472,7.995463906330301,-7.010731922468775,0,7.995463906330308,-7.010731922468775,1.5576446682754472,7.995463906330301,-7.010731922468775,0,7.995463906330308,0.10506385431198113
5.68,10.90150687337972,-7.040042538874914,1.5641566522763792,8.028891612583323,-7.040042538874893,0,8.028891612583386,-7.040042538874914,1.5641566522763792,8.028891612583323,-7.040042538874893,0,8.028891612583386,0.10550312832462151
5.7,10.946586271702067,-7.069154192058413,1.5706244089087118,8.062092417944932,-7.069154192058388,0,8.06209241794491,-7.069154192058413,1.5706244089087118,8.062092417944932,-7.069154192058388,0,8.06209241794491,0.10593942245794791
5.72,10.991351629293582,-7.09806304211315,1.577047084635944,8.09506194330978,-7.098063042113125,0,8.095061943309894,-7.09806304211315,1.577047084635944,8.09506194330978,-7.098063042113125,0,8.095061943309894,0.10637267919881992
5.74,11.035797000058452,-7.126765249132987,1.5834238259210123,8.127795809573797,-7.126765249132994,0,8.127795809573918,-7.126765249132987,1.5834238259210123,8.127795809573797,-7.126765249132994,0,8.127795809573918,0.10680284103409718
5.76,11.079916437900504,-7.155256973211976,1.5897537792274976,8.160289637632054,-7.1552569732119515,0,8.160289637632111,-7.155256973211976,1.5897537792274976,8.160289637632054,-7.1552569732119515,0,8.160289637632111,0.10722985045063926
5.78,11.123703996723357,-7.183534374443656,1.5960360910185631,8.192539048379928,-7.1835343744436315,0,8.19253904838002,-7.183534374443656,1.5960360910185631,8.192539048379928,-7.1835343744436315,0,8.19253904838002,0.10765364993530588
5.8,11.167153730430822,-7.211593612922112,1.6022699077572238,8.22453966271258,-7.2115936129220835,0,8.2245396627127,-7.211593612922112,1.6022699077572238,8.22453966271258,-7.2115936129220835,0,8.2245396627127,0.10807418197495655
5.82,11.21015707973099,-7.239364582470078,1.6084396884155696,8.256211513049848,-7.239364582470053,0,8.256211513049912,-7.239364582470078,1.6084396884155696,8.256211513049848,-7.239364582470053,0,8.256211513049912,0.1084903930249832
5.84,11.252494463808585,-7.26670548065119,1.6145140009511882,8.287392849466755,-7.266705480651169,0,8.28739284946682,-7.26670548065119,1.6145140009511882,8.287392849466755,-7.266705480651169,0,8.28739284946682,0.10890015189252908
5.86,11.294447589275228,-7.293798229946663,1.6205331648628896,8.318291187923052,-7.29379822994667,0,8.318291187923165,-7.293798229946663,1.6205331648628896,8.318291187923052,-7.29379822994667,0,8.318291187923165,0.10930619321166712
5.88,11.336009863005607,-7.320638572607489,1.6264962340014462,8.348901672689756,-7.320638572607464,0,8.348901672689735,-7.320638572607489,1.6264962340014462,8.348901672689756,-7.320638572607464,0,8.348901672689735,0.10970845318876372
5.9,11.377174691874064,-7.347222250884073,1.6324022622181609,8.37921944803766,-7.347222250884048,0,8.379219448037695,-7.347222250884073,1.6324022622181609,8.37921944803766,-7.347222250884048,0,8.379219448037695,0.11010686803018532
5.92,11.417935482755372,-7.373545007027431,1.6382503033638613,8.40923965823778,-7.373545007027403,0,8.409239658237787,-7.373545007027431,1.6382503033638613,8.40923965823778,-7.373545007027403,0,8.409239658237787,0.11050137394229836
5.94,11.458285642523883,-7.399602583288264,1.6440394112896524,8.438957447560782,-7.399602583288235,0,8.438957447560902,-7.399602583288264,1.6440394112896524,8.438957447560782,-7.399602583288235,0,8.438957447560902,0.11089190713146924
5.96,11.49821857805457,-7.42539072191742,1.6497686398465934,8.468367960278059,-7.425390721917395,0,8.468367960278094,-7.42539072191742,1.6497686398465934,8.468367960278059,-7.425390721917395,0,8.468367960278094,0.11127840380406434
5.98,11.537727696221687,-7.450905165165484,1.6554370428856435,8.497466340660296,-7.450905165165459,0,8.497466340660388,-7.450905165165484,1.6554370428856435,8.497466340660296,-7.450905165165459,0,8.497466340660388,0.11166080016645011
6.0,11.57680640389993,-7.476141655283371,1.6610436742578178,8.526247732978362,-7.476141655283378,0,8.526247732978447,-7.476141655283371,1.6610436742578178,8.526247732978362,-7.476141655283378,0,8.526247732978447,0.11203903242499301
6.02,11.61544810796379,-7.501095934521768,1.666587587814135,8.554707281503255,-7.501095934521771,0,8.554707281503404,-7.501095934521768,1.666587587814135,8.554707281503255,-7.501095934521771,0,8.554707281503404,0.1124130367860594
6.04,11.653646215288031,-7.525763745131513,1.6720678374057076,8.582840130505957,-7.5257637451314885,0,8.582840130506078,-7.525763745131513,1.6720678374057076,8.582840130505957,-7.5257637451314885,0,8.582840130506078,0.1127827494560157
6.06,11.691394132747192,-7.5501408293633006,1.6774834768833982,8.610641424257494,-7.5501408293633325,0,8.610641424257615,-7.5501408293633006,1.6774834768833982,8.610641424257494,-7.5501408293633325,0,8.610641424257615,0.11314810664122837
6.08,11.72868526721587,-7.574222929468004,1.6828335600985334,8.638106307028622,-7.574222929468007,0,8.638106307028735,-7.574222929468004,1.6828335600985334,8.638106307028622,-7.574222929468007,0,8.638106307028735,0.11350904454806374
6.1,11.765513025568428,-7.598005787696302,1.6881171409017082,8.66522992309018,-7.598005787696277,0,8.665229923090273,-7.598005787696302,1.6881171409017082,8.66522992309018,-7.598005787696277,0,8.665229923090273,0.11386549938288834
6.12,11.801870814679727,-7.621485146298966,1.6933332731442876,8.692007416713352,-7.621485146298941,0,8.692007416713416,-7.621485146298966,1.6933332731442876,8.692007416713352,-7.621485146298941,0,8.692007416713416,0.11421740735206856
6.14,11.837752041424071,-7.64465674752665,1.6984810106771375,8.718433932168871,-7.644656747526657,0,8.718433932168935,-7.64465674752665,1.6984810106771375,8.718433932168871,-7.644656747526657,0,8.718433932168935,0.11456470466197075
6.16,11.87315011267635,-7.667516333630434,1.7035594073515137,8.744504613727706,-7.6675163336304095,0,8.74450461372777,-7.667516333630434,1.7035594073515137,8.744504613727706,-7.6675163336304095,0,8.74450461372777,0.11490732751896142
6.18,11.908058435311007,-7.690059646860732,1.7085675170180057,8.770214605661032,-7.6900596468607105,0,8.770214605661096,-7.690059646860732,1.7085675170180057,8.770214605661032,-7.6900596468607105,0,8.770214605661096,0.11524521212940694
6.2,11.942470416202461,-7.712282429468562,1.7135043935278444,8.795559052239284,-7.712282429468534,0,8.795559052239405,-7.712282429468562,1.7135043935278444,8.795559052239284,-7.712282429468534,0,8.795559052239405,0.11557829469967373
6.22,11.97637946222569,-7.7341804237045935,1.7183690907323692,8.820533097733936,-7.734180423704601,0,8.820533097733943,-7.7341804237045935,1.7183690907323692,8.820533097733936,-7.734180423704601,0,8.820533097733943,0.11590651143612818
6.24,12.009778980254797,-7.755749371819583,1.7231606624820905,8.845131886415366,-7.755749371819558,0,8.84513188641543,-7.755749371819583,1.7231606624820905,8.845131886415366,-7.755749371819558,0,8.84513188641543,0.11622979854513679
6.26,12.042662377164762,-7.776985016064295,1.7278781626284045,8.869350562554978,-7.776985016064266,0,8.869350562555098,-7.776985016064295,1.7278781626284045,8.869350562554978,-7.776985016064266,0,8.869350562555098,0.11654809223306593
6.28,12.075023059830073,-7.797883098689567,1.73252064502209,8.893184270423582,-7.797883098689539,0,8.89318427042356,-7.797883098689567,1.73252064502209,8.893184270423582,-7.797883098689539,0,8.89318427042356,0.11686132870628199
6.3,12.106854435125136,-7.8184393619459485,1.7370871635142997,8.916628154291999,-7.8184393619459485,0,8.916628154292063,-7.8184393619459485,1.7370871635142997,8.916628154291999,-7.8184393619459485,0,8.916628154292063,0.11716944417115144
6.32,12.138149909924875,-7.8386495480846,1.741576771956126,8.939677358431268,-7.838649548084572,0,8.939677358431332,-7.8386495480846,1.741576771956126,8.939677358431268,-7.838649548084572,0,8.939677358431332,0.11747237483404065
6.34,12.168902891103414,-7.858509399355892,1.7459885241983821,8.962327027112082,-7.858509399355867,0,8.962327027112202,-7.858509399355892,1.7459885241983821,8.962327027112082,-7.858509399355867,0,8.962327027112202,0.11777005690131603
6.36,12.199106785535735,-7.878014658010784,1.7503214740922877,8.984572304605678,-7.878014658010759,0,8.984572304605742,-7.878014658010784,1.7503214740922877,8.984572304605678,-7.878014658010759,0,8.984572304605742,0.11806242657934415
6.38,12.228755000096301,-7.897161066299972,1.754574675488743,9.00640833518294,-7.897161066299947,0,9.006408335183174,-7.897161066299972,1.754574675488743,9.00640833518294,-7.897161066299947,0,9.006408335183174,0.1183494200744912
6.4,12.257840941659733,-7.915944366474296,1.758747182238709,9.027830263114751,-7.915944366474296,0,9.027830263114787,-7.915944366474296,1.758747182238709,9.027830263114751,-7.915944366474296,0,9.027830263114787,0.11863097359312376
6.42,12.286358017100458,-7.934360300784501,1.7628380481934416,9.04883323267184,-7.934360300784473,0,9.048833232671932,-7.934360300784501,1.7628380481934416,9.04883323267184,-7.934360300784473,0,9.048833232671932,0.11890702334160816
6.44,12.3142996332931,-7.952404611481345,1.7668463272039299,9.069412388125166,-7.952404611481317,0,9.06941238812523,-7.952404611481345,1.7668463272039299,9.069412388125166,-7.952404611481317,0,9.06941238812523,0.11917750552631086
6.46,12.341659197112499,-7.970073040815535,1.7707710731209056,9.089562873746111,-7.970073040815535,0,9.089562873746175,-7.970073040815535,1.7707710731209056,9.089562873746111,-7.970073040815535,0,9.089562873746175,0.11944235635359832
6.48,12.368430115433044,-7.987361331037942,1.7746113397957561,9.109279833805218,-7.9873613310379135,0,9.109279833805338,-7.987361331037942,1.7746113397957561,9.109279833805218,-7.9873613310379135,0,9.109279833805338,0.11970151202983687
6.5,12.394605795129365,-8.004265224399209,1.778366181079214,9.12855841257359,-8.004265224399212,0,9.12855841257354,-8.004265224399209,1.778366181079214,9.12855841257359,-8.004265224399212,0,9.12855841257354,0.11995490876139298
6.52,12.420179643076086,-8.02078046315027,1.7820346508224754,9.147393754322039,-8.020780463150246,0,9.147393754322074,-8.02078046315027,1.7820346508224754,9.147393754322039,-8.020780463150246,0,9.147393754322074,0.12020248275463306
6.54,12.445145066147564,-8.036902789541696,1.785615802876464,9.165781003321356,-8.036902789541667,0,9.165781003321591,-8.036902789541696,1.785615802876464,9.165781003321356,-8.036902789541667,0,9.165781003321591,0.12044417021592356
6.56,12.469495471218595,-8.052627945824334,1.7891086910923777,9.183715303842689,-8.052627945824334,0,9.18371530384281,-8.052627945824334,1.7891086910923777,9.183715303842689,-8.052627945824334,0,9.18371530384281,0.12067990735163081
6.58,12.49322426516385,-8.067951674248999,1.792512369321118,9.201191800156998,-8.06795167424897,0,9.201191800157119,-8.067951674248999,1.792512369321118,9.201191800156998,-8.06795167424897,0,9.201191800157119,0.1209096303681213
6.6,12.517706312586078,-8.083761843392853,1.7960241324665942,9.219223059808485,-8.083761843392825,0,9.219223059808549,-8.083761843392853,1.7960241324665942,9.219223059808485,-8.083761843392825,0,9.219223059808549,0.12114664261641256
6.62,12.542572130028791,-8.099819845941344,1.7995909591265846,9.237536963683198,-8.099819845941315,0,9.237536963683318,-8.099819845941344,1.7995909591265846,9.237536963683198,-8.099819845941315,0,9.237536963683318,0.12138736893408217
6.64,12.566971885693597,-8.115576872253286,1.8030908972617112,9.25550762318715,-8.115576872253286,0,9.255507623187242,-8.115576872253286,1.8030908972617112,9.25550762318715,-8.115576872253286,0,9.255507623187242,0.12162358625263484
6.66,12.5909031922867,-8.131031380647627,1.8065236042651858,9.273133280124156,-8.131031380647599,0,9.273133280124249,-8.131031380647627,1.8065236042651858,9.273133280124156,-8.131031380647599,0,9.273133280124249,0.12185527147454947
6.68,12.614363662514101,-8.146181829442884,1.8098887375310522,9.290412176298133,-8.146181829442856,0,9.290412176298254,-8.146181829442884,1.8098887375310522,9.290412176298133,-8.146181829442856,0,9.290412176298254,0.12208240150230484
6.7,12.637350909082224,-8.16102667695786,1.8131859544523241,9.307342553513337,-8.161026676957832,0,9.3073425535134,-8.16102667695786,1.8131859544523241,9.307342553513337,-8.161026676957832,0,9.3073425535134,0.12230495323838
6.72,12.659862544697045,-8.175564381511307,1.816414912422898,9.32392265357337,-8.175564381511307,0,9.323922653573433,-8.175564381511307,1.816414912422898,9.32392265357337,-8.175564381511307,0,9.323922653573433,0.12252290358525374
6.74,12.681896182064929,-8.189793401421895,1.819575268836359,9.340150718282466,-8.189793401421866,0,9.340150718282587,-8.189793401421895,1.819575268836359,9.340150718282466,-8.189793401421866,0,9.340150718282587,0.12273622944540499
6.76,12.703449433891986,-8.203712195008421,1.8226666810860657,9.356024989444577,-8.203712195008393,0,9.356024989444585,-8.203712195008421,1.8226666810860657,9.356024989444577,-8.203712195008393,0,9.356024989444585,0.12294490772131261
6.78,12.72451991288422,-8.217319220589602,1.8256888065655579,9.371543708863364,-8.217319220589602,0,9.371543708863399,-8.217319220589602,1.8256888065655579,9.371543708863364,-8.217319220589602,0,9.371543708863399,0.12314891531545553
6.8,12.745105231748083,-8.230612936484167,1.8286413026682657,9.386705118343194,-8.230612936484139,0,9.386705118343258,-8.230612936484167,1.8286413026682657,9.386705118343194,-8.230612936484139,0,9.386705118343258,0.1233482291303126
6.82,12.76520300318921,-8.243591801010677,1.831523826788212,9.401507459687338,-8.243591801010677,0,9.401507459687458,-8.243591801010677,1.831523826788212,9.401507459687338,-8.243591801010677,0,9.401507459687458,0.1235428260683628
6.84,12.784810839914394,-8.256254272488025,1.8343360363187564,9.415948974700491,-8.256254272488025,0,9.415948974700612,-8.256254272488025,1.8343360363187564,9.415948974700491,-8.256254272488025,0,9.415948974700612,0.12373268303208491
6.86,12.803926354629272,-8.268598809235016,1.8370775886529866,9.430027905185938,-8.268598809235016,0,9.430027905185945,-8.268598809235016,1.8370775886529866,9.430027905185938,-8.268598809235016,0,9.430027905185945,0.12391777692395783
6.88,12.822547160040553,-8.28062386957015,1.8397481411849395,9.443742492948424,-8.280623869570121,0,9.443742492948516,-8.28062386957015,1.8397481411849395,9.443742492948424,-8.280623869570121,0,9.443742492948516,0.12409808464646056
6.9,12.840670868854033,-8.292327911812421,1.8423473513080566,9.457090979791246,-8.292327911812393,0,9.457090979791367,-8.292327911812421,1.8423473513080566,9.457090979791246,-8.292327911812393,0,9.457090979791367,0.12427358310207187
6.92,12.858295093776082,-8.303709394280304,1.844874876415628,9.47007160751879,-8.303709394280276,0,9.470071607518882,-8.303709394280304,1.844874876415628,9.47007160751879,-8.303709394280276,0,9.470071607518882,0.12444424919327074
6.94,12.875417447512604,-8.314766775292593,1.8473303739015217,9.482682617934614,-8.314766775292561,0,9.482682617934707,-8.314766775292593,1.8473303739015217,9.482682617934614,-8.314766775292561,0,9.482682617934707,0.12461005982253598
6.96,12.89203554277005,-8.32549851316817,1.8497135011593198,9.49492225284284,-8.325498513168139,0,9.494922252842905,-8.32549851316817,1.8497135011593198,9.49492225284284,-8.325498513168139,0,9.494922252842905,0.12477099189234656
6.98,12.908146992254501,-8.335903066225562,1.8520239155822802,9.506788754047612,-8.335903066225534,0,9.506788754047733,-8.335903066225562,1.8520239155822802,9.506788754047612,-8.335903066225534,0,9.506788754047733,0.1249270223051813
7.0,12.923749408672101,-8.345978892783627,1.8542612745641183,9.518280363352659,-8.345978892783627,0,9.518280363352723,-8.345978892783627,1.8542612745641183,9.518280363352659,-8.345978892783627,0,9.518280363352723,0.12507812796351914
7.02,12.938840404729003,-8.355724451161052,1.8564252354982154,9.529395322561946,-8.355724451161052,0,9.529395322561982,-8.355724451161052,1.8564252354982154,9.529395322561946,-8.355724451161052,0,9.529395322561982,0.12522428576983896
7.04,12.953417593131451,-8.365138199676487,1.8585154557785444,9.540131873479531,-8.365138199676458,0,9.540131873479595,-8.365138199676487,1.8585154557785444,9.540131873479531,-8.365138199676458,0,9.540131873479595,0.12536547262661962
7.06,12.967478586585512,-8.37421859664883,1.8605315927980488,9.550488257909194,-8.37421859664883,0,9.550488257909258,-8.37421859664883,1.8605315927980488,9.550488257909194,-8.37421859664883,0,9.550488257909258,0.12550166543634003
7.08,12.98102099779745,-8.382964100396574,1.8624733039506811,9.560462717655106,-8.38296410039657,0,9.56046271765517,-8.382964100396574,1.8624733039506811,9.560462717655106,-8.38296410039657,0,9.56046271765517,0.12563284110147913
7.1,12.99404243947337,-8.391373169238683,1.8643402466299284,9.570053494521005,-8.391373169238683,0,9.570053494521098,-8.391373169238683,1.8643402466299284,9.570053494521005,-8.391373169238683,0,9.570053494521098,0.12575897652451576
7.12,13.00654052431958,-8.399444261493763,1.8661320782293158,9.57925883031102,-8.399444261493763,0,9.579258830311026,-8.399444261493763,1.8661320782293158,9.57925883031102,-8.399444261493763,0,9.579258830311026,0.1258800486079288
7.14,13.018512865042041,-8.40717583548064,1.8678484561423474,9.588076966828858,-8.40717583548064,0,9.588076966828922,-8.40717583548064,1.8678484561423474,9.588076966828858,-8.40717583548064,0,9.588076966828922,0.1259960342541972
7.16,13.029957074347104,-8.414566349517742,1.8694890377626168,9.596506145878891,-8.414566349517713,0,9.596506145878898,-8.414566349517742,1.8694890377626168,9.596506145878891,-8.414566349517713,0,9.596506145878898,0.12610691036579977
7.18,13.04087076494094,-8.421614261924223,1.8710534804834396,9.604544609264742,-8.421614261924194,0,9.60454460926475,-8.421614261924223,1.8710534804834396,9.604544609264742,-8.421614261924194,0,9.60454460926475,0.12621265384521543
7.2,13.05125154952958,-8.428318031018517,1.8725414416988446,9.612190598790356,-8.428318031018517,0,9.612190598790392,-8.428318031018517,1.8725414416988446,9.612190598790356,-8.428318031018517,0,9.612190598790392,0.12631324159492316
7.22,13.061097040819153,-8.434676115119402,1.8739525788020588,9.619442356259647,-8.434676115119373,0,9.619442356259796,-8.434676115119402,1.8739525788020588,9.619442356259647,-8.434676115119373,0,9.619442356259796,0.1264086505174017
7.24,13.070404851516258,-8.44068697254578,1.8752865491865496,9.626298123476957,-8.440686972545691,0,9.626298123477135,-8.44068697254578,1.8752865491865496,9.626298123476957,-8.440686972545691,0,9.626298123477135,0.12649885751513004
7.26,13.079172594326701,-8.446349061616186,1.8765430102457952,9.632756142245945,-8.446349061616157,0,9.632756142246066,-8.446349061616186,1.8765430102457952,9.632756142245945,-8.446349061616157,0,9.632756142246066,0.12658383949058707
7.28,13.087397881956733,-8.451660840649268,1.8777216193737285,9.63881465437067,-8.45166084064924,0,9.638814654370677,-8.451660840649268,1.8777216193737285,9.63881465437067,-8.45166084064924,0,9.638814654370677,0.12666357334625167
7.3,13.095078327112342,-8.45662076796388,1.8788220339639086,9.644471901654676,-8.45662076796388,0,9.644471901654768,-8.45662076796388,1.8788220339639086,9.644471901654676,-8.45662076796388,0,9.644471901654768,0.12673803598460265
7.32,13.102211542500356,-8.461227301878893,1.879843911409325,9.649726125902859,-8.461227301878864,0,9.649726125902866,-8.461227301878893,1.879843911409325,9.649726125902859,-8.461227301878864,0,9.649726125902866,0.12680720430811904
7.34,13.108795140826103,-8.465478900712725,1.8807869091038558,9.65457556891814,-8.465478900712725,0,9.654575568918176,-8.465478900712725,1.8807869091038558,9.65457556891814,-8.465478900712725,0,9.654575568918176,0.12687105521927963
7.36,13.114826734796218,-8.469374022784468,1.8816506844411078,9.659018472504762,-8.469374022784468,0,9.659018472504968,-8.469374022784468,1.8816506844411078,9.659018472504762,-8.469374022784468,0,9.659018472504968,0.12692956562056334
7.38,13.122625466701308,-8.474410336467443,1.882769290833063,9.664762337919562,-8.474410336467411,0,9.664762337919683,-8.474410336467443,1.882769290833063,9.664762337919562,-8.474410336467411,0,9.664762337919683,0.12700507089871405
7.4,13.130130781631845,-8.479257165356593,1.8838459246412187,9.670290051540789,-8.479257165356593,0,9.67029005154091,-8.479257165356593,1.8838459246412187,9.670290051540789,-8.479257165356593,0,9.67029005154091,0.12707772589210883
7.42,13.137265878225117,-8.483864912246862,1.8848695245642038,9.675545066746793,-8.483864912246833,0,9.675545066746913,-8.483864912246862,1.8848695245642038,9.675545066746793,-8.483864912246833,0,9.675545066746913,0.1271467908266858
7.44,13.14403302184001,-8.488235040072208,1.8858404181692405,9.680529050924164,-8.48823504007218,0,9.680529050924285,-8.488235040072208,1.8858404181692405,9.680529050924164,-8.48823504007218,0,9.680529050924285,0.1272122874142892
7.46,13.150434477835738,-8.492369011767192,1.8867589330238275,9.685243671459219,-8.492369011767163,0,9.68524367145934,-8.492369011767192,1.8867589330238275,9.685243671459219,-8.492369011767163,0,9.68524367145934,0.12727423736676333
7.48,13.156472511571444,-8.49626829026635,1.8876253966956087,9.689690595738298,-8.496268290266322,0,9.689690595738504,-8.49626829026635,1.8876253966956087,9.689690595738298,-8.496268290266322,0,9.689690595738504,0.12733266239595245
7.5,13.162149388406261,-8.499934338503696,1.8884401367519432,9.693871491148101,-8.499934338503664,0,9.693871491148194,-8.499934338503696,1.8884401367519432,9.693871491148101,-8.499934338503664,0,9.693871491148194,0.12738758421370078
7.52,13.167467373698898,-8.503368619413834,1.8892034807603162,9.697788025074324,-8.503368619413834,0,9.697788025074416,-8.503368619413834,1.8892034807603162,9.697788025074324,-8.503368619413834,0,9.697788025074416,0.1274390245318527
7.54,13.172428732808964,-8.506572595930983,1.8899157562881035,9.701441864904176,-8.506572595930955,0,9.70144186490424,-8.506572595930983,1.8899157562881035,9.701441864904176,-8.506572595930955,0,9.70144186490424,0.12748700506225244
7.56,13.177035731095176,-8.509547730989595,1.8905772909029626,9.704834678023325,-8.509547730989564,0,9.70483467802353,-8.509547730989595,1.8905772909029626,9.704834678023325,-8.509547730989564,0,9.70483467802353,0.12753154751674425
7.58,13.181290633917014,-8.512295487523911,1.8911884121720508,9.707968131818944,-8.512295487523883,0,9.707968131819065,-8.512295487523911,1.8911884121720508,9.707968131818944,-8.512295487523883,0,9.707968131819065,0.12757267360717245
7.6,13.185195706633454,-8.514817328468354,1.8917494476635994,9.710843893676902,-8.514817328468322,0,9.710843893676966,-8.514817328468354,1.8917494476635994,9.710843893676902,-8.514817328468322,0,9.710843893676966,0.12761040504538124
7.62,13.188753214603558,-8.517114716757266,1.8922607249442231,9.713463630983732,-8.517114716757238,0,9.713463630983853,-8.517114716757266,1.8922607249442231,9.713463630983732,-8.517114716757238,0,9.713463630983853,0.12764476354321497
7.64,13.191965423186598,-8.51918911532487,1.8927225715818397,9.715829011126033,-8.519189115324842,0,9.715829011126125,-8.51918911532487,1.8927225715818397,9.715829011126033,-8.519189115324842,0,9.715829011126125,0.12767577081251785
7.66,13.194834597741655,-8.521041987105807,1.8931353151438177,9.717941701489835,-8.521041987105804,0,9.717941701489956,-8.521041987105807,1.8931353151438177,9.717941701489835,-8.521041987105804,0,9.717941701489956,0.12770344856513424
7.68,13.197363003627956,-8.522674795034064,1.893499283197845,9.719803369461992,-8.522674795034064,0,9.719803369462,-8.522674795034064,1.893499283197845,9.719803369461992,-8.522674795034064,0,9.719803369462,0.12772781851290832
7.7,13.199552906204417,-8.524089002044303,1.8938148033109137,9.721415682428315,-8.524089002044303,0,9.72141568242835,-8.524089002044303,1.8938148033109137,9.721415682428315,-8.524089002044303,0,9.72141568242835,0.1277489023676844
7.72,13.201406570830574,-8.525286071070685,1.8940822030509912,9.722780307775793,-8.525286071070685,0,9.722780307775828,-8.525286071070685,1.8940822030509912,9.722780307775793,-8.525286071070685,0,9.722780307775828,0.12776672184130683
7.74,13.202926262865454,-8.526267465047571,1.8943018099852953,9.72389891289064,-8.526267465047543,0,9.723898912890817,-8.526267465047571,1.8943018099852953,9.72389891289064,-8.526267465047543,0,9.723898912890817,0.1277812986456197
7.76,13.204114247668343,-8.527034646909392,1.8944739516815847,9.72477316515922,-8.527034646909389,0,9.724773165159256,-8.527034646909392,1.8944739516815847,9.72477316515922,-8.527034646909389,0,9.724773165159256,0.1277926544924675
7.78,13.20497279059824,-8.527589079590495,1.894598955707143,9.725404731967686,-8.527589079590467,0,9.725404731967693,-8.527589079590495,1.894598955707143,9.725404731967686,-8.527589079590467,0,9.725404731967693,0.1278008110936944
7.8,13.20550415701467,-8.527932226025182,1.894677149629234,9.72579528070299,-8.527932226025182,0,9.725795280703053,-8.527932226025182,1.894677149629234,9.72579528070299,-8.527932226025182,0,9.725795280703053,0.1278057901611446
7.82,13.205710612276727,-8.528065549147946,1.894708861015543,9.725946478751126,-8.528065549147946,0,9.725946478751162,-8.528065549147946,1.894708861015543,9.725946478751126,-8.528065549147946,0,9.725946478751162,0.1278076134066625
7.84,13.205594421743495,-8.527990511892874,1.8946944174337252,9.725859993498474,-8.527990511892845,0,9.72585999349851,-8.527990511892874,1.8946944174337252,9.725859993498474,-8.527990511892845,0,9.72585999349851,0.12780630254209233
7.86,13.2051578507745,-8.527708577194499,1.8946341464512138,9.72553749233166,-8.52770857719447,0,9.72553749233164,-8.527708577194499,1.8946341464512138,9.72553749233166,-8.52770857719447,0,9.72553749233164,0.12780187927927839
7.88,13.20440316472877,-8.527221207987058,1.8945283756351508,9.724980642636844,-8.527221207987058,0,9.724980642637078,-8.527221207987058,1.8945283756351508,9.724980642636844,-8.527221207987058,0,9.724980642637078,0.12779436533006486
7.9,13.20333262896605,-8.526529867205081,1.8943774325533411,9.724191111800906,-8.526529867205081,0,9.72419111180097,-8.526529867205081,1.8943774325533411,9.724191111800906,-8.526529867205081,0,9.72419111180097,0.1277837824062961
7.92,13.201948508845227,-8.52563601778279,1.8941816447731261,9.723170567209728,-8.52563601778279,0,9.723170567209735,-8.52563601778279,1.8941816447731261,9.723170567209728,-8.52563601778279,0,9.723170567209735,0.12777015221981636
7.94,13.200253069725836,-8.524541122654611,1.8939413398619793,9.721920676249972,-8.524541122654583,0,9.72192067625015,-8.524541122654611,1.8939413398619793,9.721920676249972,-8.524541122654583,0,9.72192067625015,0.12775349648246992
7.96,13.198248576967098,-8.523246644754707,1.89365684538733,9.72044310630806,-8.523246644754707,0,9.720443106308188,-8.523246644754707,1.89365684538733,9.72044310630806,-8.523246644754707,0,9.720443106308188,0.12773383690610107
7.98,13.195937295928601,-8.521754047017644,1.8933284889169215,9.718739524770406,-8.521754047017644,0,9.718739524770442,-8.521754047017644,1.8933284889169215,9.718739524770406,-8.521754047017644,0,9.718739524770442,0.12771119520255403
8.0,13.193321491969431,-8.52006479237767,1.8929565980181424,9.716811599023146,-8.520064792377642,0,9.716811599023266,-8.52006479237767,1.8929565980181424,9.716811599023146,-8.520064792377642,0,9.716811599023266,0.1276855930836731
8.02,13.190403430449033,-8.518180343769227,1.8925415002581385,9.714660996452714,-8.518180343769227,0,9.714660996452665,-8.518180343769227,1.8925415002581385,9.714660996452714,-8.518180343769227,0,9.714660996452665,0.12765705226130258
8.04,13.187185376727037,-8.516102164126458,1.892083523204736,9.712289384445896,-8.516102164126426,0,9.712289384445931,-8.516102164126458,1.892083523204736,9.712289384445896,-8.516102164126426,0,9.712289384445931,0.12762559444728674
8.06,13.183669596162638,-8.51383171638384,1.8915829944253106,9.709698430388642,-8.51383171638384,0,9.709698430388848,-8.51383171638384,1.8915829944253106,9.709698430388642,-8.51383171638384,0,9.709698430388848,0.12759124135346986
8.08,13.179858354115826,-8.511370463475846,1.8910402414875191,9.70688980166802,-8.511370463475846,0,9.706889801668083,-8.511370463475846,1.8910402414875191,9.70688980166802,-8.511370463475846,0,9.706889801668083,0.12755401469169617
8.1,13.175753915945453,-8.50871986833669,1.8904555919585775,9.70386516566959,-8.50871986833669,0,9.703865165669654,-8.50871986833669,1.8904555919585775,9.70386516566959,-8.50871986833669,0,9.703865165669654,0.12751393617380993
8.12,13.171358547011408,-8.505881393900765,1.8898293734060445,9.700626189780287,-8.505881393900761,0,9.700626189780351,-8.505881393900765,1.8898293734060445,9.700626189780287,-8.505881393900761,0,9.700626189780351,0.12747102751165548
8.14,13.166900786982065,-8.503002629252887,1.8891933973151263,9.697341592945783,-8.503002629252887,0,9.697341592945847,-8.503002629252887,1.8891933973151263,9.697341592945783,-8.503002629252887,0,9.697341592945847,0.1274275824508567
8.16,13.162671809048552,-8.50027161171069,1.8885881900309593,9.694226334571297,-8.50027161171069,0,9.694226334571503,-8.50027161171069,1.8885881900309593,9.694226334571297,-8.50027161171069,0,9.694226334571503,0.12738652364398217
8.18,13.158214616929019,-8.497393216691414,1.887950177231561,9.690943022901031,-8.497393216691385,0,9.690943022901152,-8.497393216691414,1.887950177231561,9.690943022901031,-8.497393216691385,0,9.690943022901152,0.12734326132946738
8.2,13.153532875191207,-8.494369810726926,1.8872798811711844,9.687494358315483,-8.494369810726898,0,9.687494358315519,-8.494369810726926,1.8872798811711844,9.687494358315483,-8.494369810726898,0,9.687494358315519,0.1272978312686902
8.22,13.148630248402167,-8.491203760349187,1.8865778241037123,9.683883041194363,-8.491203760349183,0,9.683883041194427,-8.491203760349187,1.8865778241037123,9.683883041194363,-8.491203760349183,0,9.683883041194427,0.12725026922302854
8.24,13.143510401129353,-8.487897432090008,1.8858445282834992,9.680111771917865,-8.487897432090008,0,9.680111771917957,-8.487897432090008,1.8858445282834992,9.680111771917865,-8.487897432090008,0,9.680111771917957,0.12720061095386032
8.26,13.138176997940015,-8.484453192481617,1.8850805159642547,9.676183250865776,-8.484453192481617,0,9.67618325086601,-8.484453192481617,1.8850805159642547,9.676183250865776,-8.484453192481617,0,9.67618325086601,0.12714889222256331
8.28,13.132633703401726,-8.480873408055654,1.8842863093999593,9.672100178418631,-8.48087340805565,0,9.672100178418695,-8.480873408055654,1.8842863093999593,9.672100178418631,-8.48087340805565,0,9.672100178418695,0.1270951487905155
8.3,13.12688418208174,-8.4771604453444,1.88346243084463,9.667865254956183,-8.477160445344367,0,9.667865254956304,-8.4771604453444,1.88346243084463,9.667865254956183,-8.477160445344367,0,9.667865254956304,0.12703941641909472
8.32,13.120932098547495,-8.473316670879534,1.8826094025524434,9.663481180858682,-8.473316670879534,0,9.663481180858803,-8.473316670879534,1.8826094025524434,9.663481180858682,-8.473316670879534,0,9.663481180858803,0.12698173086967884
8.34,13.11478111736622,-8.469344451193098,1.8817277467771971,9.658950656506008,-8.469344451193098,0,9.658950656506128,-8.469344451193098,1.8817277467771971,9.658950656506008,-8.469344451193098,0,9.658950656506128,0.12692212790364582
8.36,13.10843490310553,-8.465246152817059,1.8808179857732608,9.65427638227846,-8.465246152817059,0,9.654276382278525,-8.465246152817059,1.8808179857732608,9.65427638227846,-8.465246152817059,0,9.654276382278525,0.12686064328237348
8.38,13.10189712033237,-8.461024142283264,1.8798806417941307,9.649461058555794,-8.461024142283236,0,9.64946105855583,-8.461024142283264,1.8798806417941307,9.649461058555794,-8.461024142283236,0,9.64946105855583,0.12679731276723977
8.4,13.09517143361461,-8.45668078612385,1.8789162370941161,9.644507385718448,-8.45668078612385,0,9.644507385718484,-8.45668078612385,1.8789162370941161,9.644507385718448,-8.45668078612385,0,9.644507385718484,0.12673217211962245
8.42,13.088261507519217,-8.452218450870618,1.877925293927257,9.639418064146057,-8.452218450870589,0,9.639418064146092,-8.452218450870618,1.877925293927257,9.639418064146057,-8.452218450870589,0,9.639418064146092,0.12666525710089957
8.44,13.081171006613854,-8.447639503055616,1.8769083345474504,9.634195794219025,-8.447639503055587,0,9.634195794219089,-8.447639503055616,1.8769083345474504,9.634195794219025,-8.447639503055587,0,9.634195794219089,0.12659660347244886
8.46,13.073903595465808,-8.442946309210644,1.875865881208652,9.628843276317404,-8.442946309210644,0,9.62884327631761,-8.442946309210644,1.875865881208652,9.628843276317404,-8.442946309210644,0,9.62884327631761,0.12652624699564832
8.48,13.06646293864242,-8.438141235867636,1.8747984561649123,9.623363210821225,-8.438141235867633,0,9.623363210821346,-8.438141235867636,1.8747984561649123,9.623363210821225,-8.438141235867633,0,9.623363210821346,0.12645422343187576
8.5,13.058852700711007,-8.433226649558819,1.873706581670329,9.61775829811014,-8.43322664955879,0,9.617758298110203,-8.433226649558819,1.873706581670329,9.61775829811014,-8.43322664955879,0,9.617758298110203,0.1263805685425091
8.52,13.051076546239322,-8.428204916815869,1.872590779978614,9.61203123856503,-8.428204916815869,0,9.612031238565152,-8.428204916815869,1.872590779978614,9.61203123856503,-8.428204916815869,0,9.612031238565152,0.12630531808892623
8.54,13.043138139794525,-8.423078404170877,1.871451573344248,9.606184732565396,-8.423078404170877,0,9.606184732565431,-8.423078404170877,1.871451573344248,9.606184732565396,-8.423078404170877,0,9.606184732565431,0.126228507832505
8.56,13.035041145944033,-8.417849478155713,1.8702894840208995,9.600221480491363,-8.417849478155684,0,9.600221480491427,-8.417849478155713,1.8702894840208995,9.600221480491363,-8.417849478155684,0,9.600221480491427,0.12615017353462335
8.58,13.026789229255382,-8.412520505302208,1.869105034262609,9.594144182723284,-8.41252050530218,0,9.594144182723376,-8.412520505302208,1.869105034262609,9.594144182723284,-8.41252050530218,0,9.594144182723376,0.12607035095665914
8.6,13.018386054295945,-8.407093852142697,1.8678987463235863,9.587955539640802,-8.407093852142697,0,9.587955539640895,-8.407093852142697,1.8678987463235863,9.587955539640802,-8.407093852142697,0,9.587955539640895,0.1259890758599902
8.62,13.009835285633041,-8.40157188520875,1.8666711424573714,9.58165825162417,-8.401571885208721,0,9.581658251624177,-8.40157188520875,1.8666711424573714,9.58165825162417,-8.401571885208721,0,9.581658251624177,0.1259063840059945
8.64,13.001140587834318,-8.395956971032334,1.8654227449186713,9.575255019053479,-8.395956971032334,0,9.575255019053543,-8.395956971032334,1.8654227449186713,9.575255019053479,-8.395956971032334,0,9.575255019053543,0.12582231115604986
8.66,12.99230562546722,-8.390251476145679,1.8641540759608057,9.568748542308718,-8.39025147614565,0,9.568748542308782,-8.390251476145679,1.8641540759608057,9.568748542308718,-8.39025147614565,0,9.568748542308782,0.12573689307153418
8.68,12.983334063099488,-8.384457767080523,1.8628656578379772,9.5621415217705,-8.384457767080523,0,9.562141521770563,-8.384457767080523,1.8628656578379772,9.5621415217705,-8.384457767080523,0,9.562141521770563,0.12565016551382543
8.7,12.974229565298035,-8.37857821036873,1.8615580128046565,9.555436657817914,-8.37857821036873,0,9.555436657818035,-8.37857821036873,1.8615580128046565,9.555436657817914,-8.37857821036873,0,9.555436657818035,0.12556216424430133
8.72,12.964995796631012,-8.372615172542531,1.8602316631142983,9.548636650831824,-8.372615172542503,0,9.548636650831831,-8.372615172542531,1.8602316631142983,9.548636650831824,-8.372615172542503,0,9.548636650831831,0.1254729250243399
8.74,12.955636421665439,-8.36657102013356,1.858887131021171,9.541744201191804,-8.36657102013353,0,9.541744201192039,-8.36657102013356,1.858887131021171,9.541744201191804,-8.36657102013353,0,9.541744201192039,0.12538248361531898
8.76,12.946155104969307,-8.360448119674054,1.857524938778969,9.534762009278268,-8.360448119674025,0,9.534762009278388,-8.360448119674054,1.857524938778969,9.534762009278268,-8.360448119674025,0,9.534762009278388,0.1252908757786165
8.78,12.936555511109997,-8.354248837695614,1.8561456086421888,9.52769277547128,-8.354248837695614,0,9.527692775471316,-8.354248837695614,1.8561456086421888,9.52769277547128,-8.354248837695614,0,9.527692775471316,0.12519813727561024
8.8,12.926841304655232,-8.347975540730616,1.8547496628643163,9.520539200150736,-8.347975540730587,0,9.520539200150743,-8.347975540730616,1.8547496628643163,9.520539200150736,-8.347975540730587,0,9.520539200150743,0.12510430386767815
8.82,12.917016150172323,-8.341630595310644,1.8533376236998569,9.513303983696552,-8.341630595310644,0,9.513303983696616,-8.341630595310644,1.8533376236998569,9.513303983696552,-8.341630595310644,0,9.513303983696616,0.12500941131619814
8.84,12.907083712229198,-8.33521636796791,1.851910013402426,9.505989826489,-8.33521636796791,0,9.505989826489149,-8.33521636796791,1.851910013402426,9.505989826489,-8.33521636796791,0,9.505989826489149,0.12491349538254803
8.86,12.897047655393514,-8.328735225234137,1.8504673542261338,9.498599428908307,-8.328735225234105,0,9.49859942890837,-8.328735225234137,1.8504673542261338,9.498599428908307,-8.328735225234105,0,9.49859942890837,0.12481659182810576
8.88,12.886911644232843,-8.322189533641403,1.8490101684251883,9.491135491334205,-8.322189533641403,0,9.491135491334298,-8.322189533641403,1.8490101684251883,9.491135491334205,-8.322189533641403,0,9.491135491334298,0.12471873641424917
8.9,12.876679343315017,-8.315581659721577,1.8475389782530476,9.483600714147073,-8.315581659721548,0,9.48360071414708,-8.315581659721577,1.8475389782530476,9.483600714147073,-8.315581659721548,0,9.48360071414708,0.12461996490235622
8.92,12.866006884142463,-8.308689535285211,1.8460062148084724,9.475741116386786,-8.308689535285183,0,9.475741116386878,-8.308689535285211,1.8460062148084724,9.475741116386786,-8.308689535285183,0,9.475741116386878,0.12451680141309651
8.94,12.855045552602947,-8.30161085980832,1.84443282798384,9.467668428745746,-8.301610859808292,0,9.467668428745753,-8.30161085980832,1.84443282798384,9.467668428745746,-8.301610859808292,0,9.467668428745753,0.1244107733444576
8.96,12.843958347787986,-8.294450897081141,1.842841388529516,9.459503033066028,-8.294450897081113,0,9.459503033066234,-8.294450897081141,1.842841388529516,9.459503033066028,-8.294450897081113,0,9.459503033066234,0.12430352645023815
8.98,12.832747927906471,-8.287211363735107,1.8412322794412992,9.451246886450633,-8.287211363735107,0,9.451246886450754,-8.287211363735107,1.8412322794412992,9.451246886450633,-8.287211363735107,0,9.451246886450754,0.1241950863230894
9.0,12.821416951167796,-8.279893976402583,1.8396058837143112,9.442901946002422,-8.279893976402583,0,9.442901946002486,-8.279893976402583,1.8396058837143112,9.442901946002422,-8.279893976402583,0,9.442901946002486,0.12408547855566236
9.02,12.80996807578061,-8.272500451715374,1.8379625843442522,9.434470168823815,-8.272500451715374,0,9.43447016882385,-8.272500451715374,1.8379625843442522,9.434470168823815,-8.272500451715374,0,9.43447016882385,0.12397472874060823
9.04,12.798403959954726,-8.265032506305385,1.8363027643267316,9.425953512018545,-8.265032506305356,0,9.425953512018609,-8.265032506305385,1.8363027643267316,9.425953512018545,-8.265032506305356,0,9.425953512018609,0.12386286247057808
9.06,12.786727261898694,-8.257491856804492,1.8346268066570026,9.417353932688883,-8.257491856804492,0,9.417353932688975,-8.257491856804492,1.8346268066570026,9.417353932688883,-8.257491856804492,0,9.417353932688975,0.12374990533822311
9.08,12.774940639821924,-8.249880219844822,1.8329350943307343,9.408673387937831,-8.249880219844822,0,9.408673387937924,-8.249880219844822,1.8329350943307343,9.408673387937831,-8.249880219844822,0,9.408673387937924,0.12363588293619439
9.1,12.763046751933281,-8.242199312058059,1.8312280103432954,9.399913834868237,-8.24219931205803,0,9.399913834868329,-8.242199312058059,1.8312280103432954,9.399913834868237,-8.24219931205803,0,9.399913834868329,0.12352082085714307
9.12,12.751048256442232,-8.234450850076286,1.829505937690568,9.391077230583186,-8.234450850076257,0,9.39107723058325,-8.234450850076286,1.829505937690568,9.391077230583186,-8.234450850076257,0,9.39107723058325,0.12340474469372022
9.14,12.738947811557601,-8.226636550531357,1.8277692593676633,9.382165532185347,-8.226636550531357,0,9.382165532185383,-8.226636550531357,1.8277692593676633,9.382165532185347,-8.226636550531357,0,9.382165532185383,0.12328768003857707
9.16,12.726748075488564,-8.218758130055296,1.82601835836988,9.373180696777688,-8.218758130055267,0,9.373180696777808,-8.218758130055296,1.82601835836988,9.373180696777688,-8.218758130055267,0,9.373180696777808,0.12316965248436466
9.18,12.714451706444455,-8.210817305279928,1.8242536176933237,9.36412468146326,-8.210817305279928,0,9.364124681463323,-8.210817305279928,1.8242536176933237,9.36412468146326,-8.210817305279928,0,9.364124681463323,0.12305068762373417
9.2,12.70206136263426,-8.20281579283726,1.8224754203331113,9.35499944334481,-8.202815792837232,0,9.354999443344873,-8.20281579283726,1.8224754203331113,9.35499944334481,-8.202815792837232,0,9.354999443344873,0.12293081104933667
9.22,12.68957970226689,-8.194755309359234,1.8206841492849515,9.34580693952487,-8.194755309359234,0,9.345806939525048,-8.194755309359234,1.8206841492849515,9.34580693952487,-8.194755309359234,0,9.345806939525048,0.12281004835382339
9.24,12.67700938355182,-8.186637571477664,1.8188801875442113,9.33654912710697,-8.186637571477636,0,9.336549127107034,-8.186637571477664,1.8188801875442113,9.33654912710697,-8.186637571477636,0,9.336549127107034,0.12268842512984537
9.26,12.664353064697957,-8.178464295824611,1.8170639181063324,9.327227963193643,-8.178464295824586,0,9.327227963193849,-8.178464295824611,1.8170639181063324,9.327227963193643,-8.178464295824586,0,9.327227963193849,0.12256596697005376
9.28,12.651613403914386,-8.170237199031888,1.8152357239669543,9.317845404887713,-8.17023719903186,0,9.317845404887777,-8.170237199031888,1.8152357239669543,9.317845404887713,-8.17023719903186,0,9.317845404887777,0.1224426994670997
9.3,12.638793059410478,-8.161957997731587,1.8133959881214725,9.308403409292353,-8.161957997731562,0,9.308403409292417,-8.161957997731587,1.8133959881214725,9.308403409292353,-8.161957997731562,0,9.308403409292417,0.12231864821363425
9.32,12.625894689395015,-8.153628408555434,1.811545093565413,9.298903933510154,-8.153628408555434,0,9.298903933510275,-8.153628408555434,1.811545093565413,9.298903933510154,-8.153628408555434,0,9.298903933510275,0.12219383880230862
9.34,12.612920952077381,-8.145250148135538,1.8096834232945733,9.289348934644117,-8.145250148135514,0,9.289348934644181,-8.145250148135538,1.8096834232945733,9.289348934644117,-8.145250148135514,0,9.289348934644181,0.12206829682577393
9.36,12.599874505666472,-8.136824933103703,1.8078113603037949,9.27974036979711,-8.136824933103675,0,9.279740369797175,-8.136824933103703,1.8078113603037949,9.27974036979711,-8.136824933103675,0,9.279740369797175,0.12194204787668124
9.38,12.58675800837161,-8.128354480091975,1.805929287589155,9.27008019607198,-8.128354480091975,0,9.270080196072016,-8.128354480091975,1.805929287589155,9.27008019607198,-8.128354480091975,0,9.270080196072016,0.12181511754768178
9.4,12.573574118401925,-8.119840505732185,1.8040375881460964,9.260370370571884,-8.119840505732157,0,9.260370370571977,-8.119840505732185,1.8040375881460964,9.260370370571884,-8.119840505732157,0,9.260370370571977,0.12168753143142658
9.42,12.560325493966243,-8.111284726656333,1.8021366449699023,9.250612850399094,-8.111284726656333,0,9.250612850399186,-8.111284726656333,1.8021366449699023,9.250612850399094,-8.111284726656333,0,9.250612850399186,0.1215593151205668
9.44,12.547014793274153,-8.102688859496308,1.8002268410561557,9.240809592657328,-8.102688859496308,0,9.240809592657392,-8.102688859496308,1.8002268410561557,9.240809592657328,-8.102688859496308,0,9.240809592657392,0.12143049420775363
9.46,12.533644674534436,-8.09405462088397,1.7983085594004766,9.23096255444888,-8.09405462088397,0,9.230962554448972,-8.09405462088397,1.7983085594004766,9.23096255444888,-8.09405462088397,0,9.230962554448972,0.1213010942856381
9.48,12.520217795956142,-8.085383727451465,1.796382182998241,9.221073692876523,-8.085383727451436,0,9.221073692876558,-8.085383727451465,1.796382182998241,9.221073692876523,-8.085383727451436,0,9.221073692876558,0.12117114094687137
9.5,12.506736815748829,-8.076677895830457,1.7944480948448547,9.211144965043879,-8.076677895830429,0,9.211144965043943,-8.076677895830457,1.7944480948448547,9.211144965043879,-8.076677895830429,0,9.211144965043943,0.12104065978410462
9.52,12.493204392121317,-8.06793884265307,1.7925066779361893,9.201178328053174,-8.067938842653042,0,9.201178328053267,-8.06793884265307,1.7925066779361893,9.201178328053174,-8.067938842653042,0,9.201178328053267,0.1209096763899889
9.54,12.479623183282557,-8.059168284551149,1.79055831526738,9.191175739007242,-8.05916828455112,0,9.191175739007363,-8.059168284551149,1.79055831526738,9.191175739007242,-8.05916828455112,0,9.191175739007363,0.12077821635717537
9.56,12.465995847442205,-8.050367938156583,1.7886033898340141,9.181139155009646,-8.050367938156555,0,9.181139155009738,-8.050367938156583,1.7886033898340141,9.181139155009646,-8.050367938156555,0,9.181139155009738,0.12064630527831517
9.58,12.452325042808827,-8.041539520101463,1.7866422846316574,9.171070533162393,-8.041539520101434,0,9.171070533162457,-8.041539520101463,1.7866422846316574,9.171070533162393,-8.041539520101434,0,9.171070533162457,0.12051396874605941
9.6,12.438613427592024,-8.03268474701758,1.7846753826558786,9.160971830569096,-8.03268474701758,0,9.16097183056916,-8.03268474701758,1.7846753826558786,9.160971830569096,-8.03268474701758,0,9.16097183056916,0.12038123235305921
9.62,12.424863660000659,-8.023805335536895,1.782703066901803,9.150845004332318,-8.023805335536895,0,9.150845004332382,-8.023805335536895,1.782703066901803,9.150845004332318,-8.023805335536895,0,9.150845004332382,0.12024812169196569
9.64,12.411078398244133,-8.014903002291394,1.7807257203655276,9.140692011555096,-8.01490300229137,0,9.140692011555103,-8.014903002291394,1.7807257203655276,9.140692011555096,-8.01490300229137,0,9.140692011555103,0.12011466235543004
9.66,12.397260300531165,-8.005979463912901,1.7787437260421202,9.130514809339886,-8.005979463912873,0,9.130514809339978,-8.005979463912901,1.7787437260421202,9.130514809339886,-8.005979463912873,0,9.130514809339978,0.11998087993610337
9.68,12.383389185876188,-7.997021687860194,1.7767541599897383,9.12029854609849,-7.997021687860194,0,9.120298546098553,-7.997021687860194,1.7767541599897383,9.12029854609849,-7.997021687860194,0,9.120298546098553,0.11984658148999341
9.7,12.368744614770298,-7.987564426260125,1.7746527062871023,9.109513009276597,-7.987564426260125,0,9.10951300927669,-7.987564426260125,1.7746527062871023,9.109513009276597,-7.987564426260125,0,9.10951300927669,0.11970487365542509
9.72,12.354016356422239,-7.978053120624391,1.7725392362498074,9.098665840915572,-7.978053120624391,0,9.098665840915636,-7.978053120624391,1.7725392362498074,9.098665840915572,-7.978053120624391,0,9.098665840915636,0.11956235664077154
9.74,12.339205586379183,-7.96848853010648,1.7704139181958825,9.087757906940986,-7.96848853010648,0,9.087757906941192,-7.96848853010648,1.7704139181958825,9.087757906940986,-7.96848853010648,0,9.087757906941192,0.11941904185184554
9.76,12.324313480188563,-7.958871413859825,1.7682769204424416,9.076790073279057,-7.958871413859825,0,9.07679007327912,-7.958871413859825,1.7682769204424416,9.076790073279057,-7.958871413859825,0,9.07679007327912,0.11927494069446011
9.78,12.309341213397383,-7.949202531037958,1.76612841130739,9.06576320585517,-7.94920253103793,0,9.06576320585529,-7.949202531037958,1.76612841130739,9.06576320585517,-7.94920253103793,0,9.06576320585529,0.1191300645744281
9.8,12.294289961552673,-7.939482640794214,1.7639685591083332,9.054678170594933,-7.939482640794186,0,9.054678170595025,-7.939482640794214,1.7639685591083332,9.054678170594933,-7.939482640794186,0,9.054678170595025,0.11898442489756245
9.82,12.279160900201799,-7.929712502282154,1.7617975321625803,9.043535833424336,-7.929712502282154,0,9.043535833424514,-7.929712502282154,1.7617975321625803,9.043535833424336,-7.929712502282154,0,9.043535833424514,0.11883803306967605
9.84,12.263955204891891,-7.919892874655098,1.7596154987880537,9.032337060269079,-7.919892874655069,0,9.0323370602692,-7.919892874655098,1.7596154987880537,9.032337060269079,-7.919892874655069,0,9.0323370602692,0.11869090049658179
9.86,12.24867405117007,-7.910024517066667,1.7574226273024731,9.021082717054725,-7.910024517066638,0,9.021082717054902,-7.910024517066667,1.7574226273024731,9.021082717054725,-7.910024517066638,0,9.021082717054902,0.11854303858409264
9.88,12.23331861458366,-7.9001081886700995,1.7552190860228487,9.009773669707457,-7.900108188670071,0,9.009773669707549,-7.9001081886700995,1.7552190860228487,9.009773669707457,-7.900108188670071,0,9.009773669707549,0.11839445873802147
9.9,12.217890070679715,-7.890144648618989,1.7530050432671853,8.998410784152654,-7.890144648618989,0,8.998410784152775,-7.890144648618989,1.7530050432671853,8.998410784152654,-7.890144648618989,0,8.998410784152775,0.11824517236418117
9.92,12.202389595005382,-7.880134656066769,1.7507806673532063,8.986994926315965,-7.8801346560667405,0,8.986994926315916,-7.880134656066769,1.7507806673532063,8.986994926315965,-7.8801346560667405,0,8.986994926315916,0.11809519086838471
9.94,12.186818363107868,-7.870078970166855,1.748546126598531,8.975526962123269,-7.870078970166826,0,8.97552696212336,-7.870078970166855,1.748546126598531,8.975526962123269,-7.870078970166826,0,8.97552696212336,0.11794452565644493
9.96,12.171177550534354,-7.8599783500726375,1.7463015893203124,8.964007757500426,-7.8599783500726375,0,8.964007757500518,-7.8599783500726375,1.7463015893203124,8.964007757500426,-7.8599783500726375,0,8.964007757500518,0.1177931881341748
9.98,12.155468332832001,-7.849833554937689,1.7440472238363576,8.952438178372994,-7.8498335549376606,0,8.952438178373228,-7.849833554937689,1.7440472238363576,8.952438178372994,-7.8498335549376606,0,8.952438178373228,0.11764118970738721
10.0,12.13969188554824,-7.839645343915418,1.7417831984645016,8.940819090667084,-7.8396453439153895,0,8.940819090667262,-7.839645343915418,1.7417831984645016,8.940819090667084,-7.8396453439153895,0,8.940819090667262,0.11748854178189505
10.02,12.123849384229715,-7.829414476159151,1.739509681522195,8.929151360307785,-7.829414476159151,0,8.929151360307841,-7.829414476159151,1.739509681522195,8.929151360307785,-7.829414476159151,0,8.929151360307841,0.11733525576351125
10.04,12.107942004424036,-7.819141710822471,1.7372268413268026,8.917435853221413,-7.819141710822471,0,8.917435853221477,-7.819141710822471,1.7372268413268026,8.917435853221413,-7.819141710822471,0,8.917435853221477,0.1171813430580487
10.06,12.091970921678296,-7.808827807058822,1.7349348461965022,8.905673435333433,-7.8088278070587975,0,8.905673435333611,-7.808827807058822,1.7349348461965022,8.905673435333433,-7.8088278070587975,0,8.905673435333611,0.11702681507132036
10.08,12.075937311539505,-7.798473524021585,1.7326338644481911,8.893864972569638,-7.798473524021585,0,8.893864972569816,-7.798473524021585,1.7326338644481911,8.893864972569638,-7.798473524021585,0,8.893864972569816,0.11687168320913907
10.1,12.05984234955503,-7.788079620864291,1.7303240643999445,8.88201133085579,-7.788079620864263,0,8.88201133085591,-7.788079620864291,1.7303240643999445,8.88201133085579,-7.788079620864263,0,8.88201133085591,0.11671595887731778
10.12,12.043687211272045,-7.7776468567402866,1.728005614369338,8.870113376117715,-7.777646856740262,0,8.870113376117779,-7.7776468567402866,1.728005614369338,8.870113376117715,-7.777646856740262,0,8.870113376117779,0.11655965348166941
10.14,12.02747307223768,-7.767175990803096,1.7256786826738288,8.858171974281063,-7.767175990803068,0,8.858171974281241,-7.767175990803096,1.7256786826738288,8.858171974281063,-7.767175990803068,0,8.858171974281241,0.11640277842800682
10.16,12.01120110799901,-7.756667782206112,1.7233434376309482,8.846187991271506,-7.756667782206112,0,8.846187991271627,-7.756667782206112,1.7233434376309482,8.846187991271506,-7.756667782206112,0,8.846187991271627,0.11624534512214296
10.18,11.994872494103411,-7.746122990102812,1.7210000475585083,8.834162293014977,-7.746122990102787,0,8.834162293014984,-7.746122990102812,1.7210000475585083,8.834162293014977,-7.746122990102787,0,8.834162293014984,0.11608736496989076
10.2,11.978488406097844,-7.73554237364667,1.7186486807739954,8.82209574543694,-7.735542373646645,0,8.82209574543706,-7.73554237364667,1.7186486807739954,8.82209574543694,-7.735542373646645,0,8.82209574543706,0.11592884937706308
10.22,11.962050019529585,-7.724926691991069,1.7162895055950944,8.80998921446323,-7.724926691991044,0,8.809989214463208,-7.724926691991069,1.7162895055950944,8.80998921446323,-7.724926691991044,0,8.809989214463208,0.11576980974947287
10.24,11.945558509945982,-7.7142767042896025,1.7139226903391958,8.797843566019864,-7.714276704289574,0,8.7978435660199,-7.7142767042896025,1.7139226903391958,8.797843566019864,-7.714276704289574,0,8.7978435660199,0.11561025749293302
10.26,11.929015052893956,-7.703593169695399,1.7115484033240653,8.785659666032394,-7.703593169695402,0,8.785659666032515,-7.703593169695399,1.7115484033240653,8.785659666032394,-7.703593169695402,0,8.785659666032515,0.11545020401325642
10.28,11.912420823920762,-7.692876847362342,1.7091668128674389,8.773438380426235,-7.692876847362314,0,8.773438380426413,-7.692876847362342,1.7091668128674389,8.773438380426235,-7.692876847362314,0,8.773438380426413,0.115289660716256
10.3,11.895776998573687,-7.682128496443514,1.706778087286593,8.761180575127689,-7.682128496443486,0,8.76118057512781,-7.682128496443514,1.706778087286593,8.761180575127689,-7.682128496443486,0,8.76118057512781,0.11512863900774464
10.32,11.879084752400056,-7.671348876092587,1.704382394899481,8.748887116062427,-7.671348876092562,0,8.748887116062377,-7.671348876092587,1.704382394899481,8.748887116062427,-7.671348876092562,0,8.748887116062377,0.11496715029353533
10.34,11.862345260946395,-7.660538745462826,1.70197990402328,8.73655886915548,-7.660538745462798,0,8.736558869155601,-7.660538745462826,1.70197990402328,8.73655886915548,-7.660538745462798,0,8.736558869155601,0.11480520597944095
10.36,11.845559699760647,-7.649698863707837,1.6995707829761395,8.724196700333493,-7.649698863707808,0,8.724196700333557,-7.649698863707837,1.6995707829761395,8.724196700333493,-7.649698863707808,0,8.724196700333557,0.11464281747127433
10.38,11.82872924438959,-7.638829989981005,1.6971552000751275,8.711801475521732,-7.638829989981012,0,8.711801475521767,-7.638829989981005,1.6971552000751275,8.711801475521732,-7.638829989981012,0,8.711801475521767,0.11447999617484847
10.4,11.81185507038052,-7.62793288343579,1.6947333236382631,8.699374060646,-7.627932883435793,0,8.699374060646093,-7.62793288343579,1.6947333236382631,8.699374060646,-7.627932883435793,0,8.699374060646093,0.11431675349597623
10.42,11.794938353280632,-7.6170083032255995,1.6923053219827686,8.68691532163217,-7.617008303225575,0,8.686915321632291,-7.6170083032255995,1.6923053219827686,8.68691532163217,-7.617008303225575,0,8.686915321632291,0.11415310084047056
10.44,11.777980268636956,-7.606057008503814,1.6898713634265663,8.674426124405798,-7.606057008503818,0,8.674426124405976,-7.606057008503814,1.6898713634265663,8.674426124405798,-7.606057008503818,0,8.674426124405976,0.11398904961414436
10.46,11.76084034027629,-7.594988281238006,1.6874114752553266,8.66180293453052,-7.59498828123801,0,8.661802934530613,-7.594988281238006,1.6874114752553266,8.66180293453052,-7.59498828123801,0,8.661802934530613,0.11382322508028556
10.48,11.743411721038184,-7.583733120657264,1.6849104663630454,8.648967002875168,-7.583733120657239,0,8.64896700287526,-7.583733120657264,1.6849104663630454,8.648967002875168,-7.583733120657239,0,8.64896700287526,0.1136545815811777
10.5,11.725909033107587,-7.5724301275006525,1.6823988544022823,8.636076510124752,-7.572430127500624,0,8.636076510124646,-7.5724301275006525,1.6823988544022823,8.636076510124752,-7.572430127500624,0,8.636076510124646,0.11348521921918743
10.52,11.708331956988598,-7.561079095438835,1.6798765951149859,8.623131220325924,-7.561079095438835,0,8.623131220326158,-7.561079095438835,1.6798765951149859,8.623131220325924,-7.561079095438835,0,8.623131220326158,0.1133151347702844
10.54,11.690680148207433,-7.549679802011585,1.677343640691574,8.61013087911654,-7.549679802011564,0,8.610130879116632,-7.549679802011585,1.677343640691574,8.61013087911654,-7.549679802011564,0,8.610130879116632,0.11314432476601034
10.56,11.672953237311207,-7.538232008627727,1.674799939770752,8.59707521372389,-7.53823200862773,0,8.597075213723983,-7.538232008627727,1.674799939770752,8.59707521372389,-7.53823200862773,0,8.597075213723983,0.11297278549347894
10.58,11.655150829869346,-7.5267354605655825,1.6722454374396296,8.583963932966554,-7.5267354605655825,0,8.583963932966647,-7.5267354605655825,1.6722454374396296,8.583963932966554,-7.5267354605655825,0,8.583963932966647,0.112800512995376
10.6,11.637272506472243,-7.515189886972465,1.6696800752336527,8.570796727252691,-7.515189886972468,0,8.570796727252755,-7.515189886972465,1.6696800752336527,8.570796727252691,-7.515189886972468,0,8.570796727252755,0.11262750306995924
10.62,11.619317822732304,-7.503595000864983,1.667103791136853,8.557573268581415,-7.503595000864955,0,8.557573268581535,-7.503595000864983,1.667103791136853,8.557573268581415,-7.503595000864955,0,8.557573268581535,0.11245375127105849
10.64,11.601286309283218,-7.4919504991287695,1.664516519581631,8.54429321054186,-7.491950499128745,0,8.54429321054198,-7.4919504991287695,1.664516519581631,8.54429321054186,-7.491950499128745,0,8.54429321054198,0.11227925290807556
10.66,11.58317747178046,-7.480256062518912,1.6619181914487404,8.530956188313617,-7.48025606251889,0,8.530956188313851,-7.480256062518912,1.6619181914487404,8.530956188313617,-7.48025606251889,0,8.530956188313851,0.11210400304598436
10.68,11.564990790901199,-7.468511355659551,1.6593087340670944,8.517561818667048,-7.468511355659526,0,8.51756181866714,-7.468511355659551,1.6593087340670944,8.517561818667048,-7.468511355659526,0,8.51756181866714,0.11192799650533072
10.7,11.546725722343702,-7.4567160270442265,1.6566880712141874,8.504109699961987,-7.4567160270442265,0,8.504109699962193,-7.4567160270442265,1.6566880712141874,8.504109699961987,-7.4567160270442265,0,8.504109699962193,0.11175122786223254
10.72,11.528381696828319,-7.444869709035281,1.654056123116205,8.490599412149521,-7.4448697090352525,0,8.490599412149557,-7.444869709035281,1.654056123116205,8.490599412149521,-7.4448697090352525,0,8.490599412149557,0.11157369144837986
10.74,11.509958120096949,-7.432972017864756,1.6514128064471718,8.477030516770789,-7.432972017864728,0,8.477030516770789,-7.432972017864756,1.6514128064471718,8.477030516770789,-7.432972017864728,0,8.477030516770789,0.11139538135103456
10.76,11.491454372912735,-7.42102255363336,1.6487580343299424,8.463402556957192,-7.421022553633335,0,8.463402556957256,-7.42102255363336,1.6487580343299424,8.463402556957192,-7.421022553633335,0,8.463402556957256,0.11121629141303066
10.78,11.472869811060637,-7.4090209003115675,1.646091716335433,8.449715057430502,-7.409020900311543,0,8.449715057430595,-7.4090209003115675,1.646091716335433,8.449715057430502,-7.409020900311543,0,8.449715057430595,0.11103641523277419
10.8,11.45420376534726,-7.396966625738607,1.6434137584832076,8.435967524503177,-7.39696662573861,0,8.435967524503347,-7.396966625738607,1.6434137584832076,8.435967524503177,-7.39696662573861,0,8.435967524503347,0.11085574616424312
10.82,11.435455541600774,-7.384859281623232,1.6407240632411675,8.422159446077771,-7.384859281623232,0,8.422159446078005,-7.384859281623232,1.6407240632411675,8.422159446077771,-7.384859281623232,0,8.422159446078005,0.11067427731698762
10.84,11.416624420670624,-7.3726984035430405,1.6380225295257862,8.408290291647035,-7.372698403543012,0,8.40829029164707,-7.3726984035430405,1.6380225295257862,8.408290291647035,-7.372698403543012,0,8.40829029164707,0.11049200155612979
10.86,11.39770965842832,-7.360483510945215,1.6353090527013432,8.394359512294564,-7.360483510945219,0,8.394359512294685,-7.360483510945215,1.6353090527013432,8.394359512294564,-7.360483510945219,0,8.394359512294685,0.11030891150236369
10.88,11.378710485766625,-7.34821410714596,1.6325835245810216,8.380366540693906,-7.348214107145964,0,8.38036654069402,-7.34821410714596,1.6325835245810216,8.380366540693906,-7.348214107145964,0,8.38036654069402,0.11012499953195555
10.9,11.3596261086002,-7.335889679330656,1.629845833426443,8.366310791109491,-7.335889679330684,0,8.36631079110952,-7.335889679330656,1.629845833426443,8.366310791109491,-7.335889679330684,0,8.36631079110952,0.10994025777674346
10.92,11.3404557078646,-7.323509698553934,1.6270958639472566,8.352191659395068,-7.323509698553909,0,8.35219165939521,-7.323509698553934,1.6270958639472566,8.352191659395068,-7.323509698553909,0,8.35219165939521,0.10975467812413778
10.94,11.32119843951791,-7.311073619739481,1.6243334973019206,8.33800852299619,-7.311073619739481,0,8.338008522996198,-7.311073619739481,1.6243334973019206,8.33800852299619,-7.311073619739481,0,8.338008522996198,0.10956825221712059
10.96,11.301853434539241,-7.298580881680643,1.6215586110967681,8.323760740947684,-7.298580881680621,0,8.323760740947748,-7.298580881680643,1.6215586110967681,8.323760740947684,-7.298580881680621,0,8.323760740947748,0.10938097145424625
10.98,11.282419798929386,-7.286030907039347,1.6187710793870762,8.309447653875324,-7.2860309070393185,0,8.309447653875502,-7.286030907039347,1.6187710793870762,8.309447653875324,-7.2860309070393185,0,8.309447653875502,0.109192826989641
11.0,11.262896613710794,-7.273423102347184,1.6159707726761923,8.295068583994997,-7.273423102347159,0,8.295068583995118,-7.273423102347184,1.6159707726761923,8.295068583994997,-7.273423102347159,0,8.295068583995118,0.10900380973300319
11.02,11.243282934927398,-7.260756858004797,1.613157557915934,8.280622835112908,-7.260756858004772,0,8.280622835113029,-7.260756858004797,1.613157557915934,8.280622835112908,-7.260756858004772,0,8.280622835113029,0.10881391034960321
11.04,11.223577793644717,-7.248031548281897,1.610331298506484,8.266109692625825,-7.248031548281869,0,8.26610969262591,-7.248031548281897,1.610331298506484,8.266109692625825,-7.248031548281869,0,8.26610969262591,0.1086231192602833
11.06,11.203780195950166,-7.235246531317689,1.6074918542963976,8.251528423520966,-7.235246531317696,0,8.251528423521052,-7.235246531317689,1.6074918542963976,8.251528423520966,-7.235246531317696,0,8.251528423521052,0.10843142664145797
11.08,11.183889122952358,-7.222401149120401,1.6046390815828975,8.2368782763755,-7.222401149120373,0,8.2368782763755,-7.222401149120401,1.6046390815828975,8.2368782763755,-7.222401149120373,0,8.2368782763755,0.10823882242511364
11.1,11.163903530781646,-7.2094947275673675,1.6017728331111796,8.22215848135749,-7.209494727567339,0,8.222158481357582,-7.2094947275673675,1.6017728331111796,8.22215848135749,-7.209494727567339,0,8.222158481357582,0.10804529629880874
11.12,11.143822350589984,-7.1965265764053825,1.5988929580750408,8.207368250224825,-7.196526576405361,0,8.207368250224917,-7.1965265764053825,1.5988929580750408,8.207368250224825,-7.196526576405361,0,8.207368250224917,0.10785083770567375
11.14,11.12364448855105,-7.1834959892501615,1.5959993021169323,8.192506776326404,-7.18349598925014,0,8.192506776326411,-7.1834959892501615,1.5959993021169323,8.192506776326404,-7.18349598925014,0,8.192506776326411,0.10765543584441119
11.16,11.103368825859727,-7.170402243586874,1.5930917073268986,8.177573234600771,-7.170402243586853,0,8.17757323460092,-7.170402243586874,1.5930917073268986,8.177573234600771,-7.170402243586853,0,8.17757323460092,0.10745907966929559
11.18,11.082994218733013,-7.157244600769758,1.590170012244407,8.16256678157756,-7.1572446007697295,0,8.162566781577624,-7.157244600769758,1.590170012244407,8.16256678157756,-7.1572446007697295,0,8.162566781577624,0.10726175789017352
11.2,11.062519498409117,-7.14402230602229,1.5872340518566217,8.147486555376176,-7.144022306022293,0,8.147486555376297,-7.14402230602229,1.5872340518566217,8.147486555376176,-7.144022306022293,0,8.147486555376297,0.10706345897246354
11.22,11.041943471148054,-7.130734588437196,1.5842836575993422,8.13233167570688,-7.130734588437171,0,8.132331675706972,-7.130734588437196,1.5842836575993422,8.13233167570688,-7.130734588437171,0,8.132331675706972,0.1068641711371563
11.24,11.02129707656377,-7.1174014302574555,1.5813223596325061,8.1171253007168,-7.1174014302574555,0,8.117125300716864,-7.1174014302574555,1.5813223596325061,8.1171253007168,-7.1174014302574555,0,8.117125300716864,0.10666426965736636
11.26,11.000561738704352,-7.104010834373568,1.5783479868870254,8.101853547469261,-7.104010834373572,0,8.101853547469382,-7.104010834373568,1.5783479868870254,8.101853547469261,-7.104010834373572,0,8.101853547469382,0.10646353352547837
11.28,10.979725637238602,-7.090555166757277,1.575359145368937,8.086507587014964,-7.090555166757252,0,8.086507587015113,-7.090555166757277,1.575359145368937,8.086507587014964,-7.090555166757252,0,8.086507587015113,0.10626182315109232
11.3,10.958787653406304,-7.0770337049321945,1.5723556724423888,8.07108659625898,-7.077033704932198,0,8.0710865962591,-7.0770337049321945,1.5723556724423888,8.07108659625898,-7.077033704932198,0,8.0710865962591,0.10605912788380892
11.32,10.937746646373853,-7.063445712167372,1.5693374022545168,8.055589735869745,-7.063445712167347,0,8.055589735869894,-7.063445712167372,1.5693374022545168,8.055589735869745,-7.063445712167347,0,8.055589735869894,0.10585543686378492
11.34,10.916601453234414,-7.0497904374771245,1.5663041657351862,8.040016150279811,-7.049790437477103,0,8.040016150279847,-7.0497904374771245,1.5663041657351862,8.040016150279811,-7.049790437477103,0,8.040016150279847,0.10565073902173272
11.36,10.895350889006885,-7.036067115620867,1.5632557905972932,8.024364967684157,-7.03606711562087,0,8.024364967684221,-7.036067115620867,1.5632557905972932,8.024364967684157,-7.03606711562087,0,8.024364967684221,0.10544502307892067
11.38,10.87399374663708,-7.0222749671033995,1.5601921013362388,8.008635300041938,-7.022274967103403,0,8.008635300041938,-7.0222749671033995,1.5601921013362388,8.008635300041938,-7.022274967103403,0,8.008635300041938,0.105238277547173
11.4,10.85252879699707,-7.008413198174765,1.5571129192301836,7.992826243075399,-7.008413198174736,0,7.992826243075349,-7.008413198174765,1.5571129192301836,7.992826243075399,-7.008413198174736,0,7.992826243075349,0.1050304907288699
11.42,10.830954788885002,-6.994481000830341,1.5540180623403357,7.976936876269804,-6.994481000830319,0,7.976936876269811,-6.994481000830341,1.5540180623403357,7.976936876269804,-6.994481000830319,0,7.976936876269811,0.10482165071694727
11.44,10.80927044902592,-6.980477552810619,1.5509073455109021,7.960966262874386,-6.980477552810594,0,7.9609662628744715,-6.980477552810619,1.5509073455109021,7.960966262874386,-6.980477552810594,0,7.9609662628744715,0.10461174539489693
11.46,10.787474482070861,-6.966402017601322,1.5477805803684763,7.944913449901463,-6.966402017601325,0,7.94491344990147,-6.966402017601322,1.5477805803684763,7.944913449901463,-6.966402017601325,0,7.94491344990147,0.1044007624367666
11.48,10.765565570597257,-6.952253544433489,1.5446375753223824,7.928777468126654,-6.952253544433464,0,7.9287774681268886,-6.952253544433489,1.5446375753223824,7.928777468126654,-6.952253544433464,0,7.9287774681268886,0.10418868930715991
11.5,10.743542375109481,-6.938031268283609,1.5414781355654874,7.912557332089399,-6.938031268283581,0,7.9125573320894915,-6.938031268283609,1.5414781355654874,7.912557332089399,-6.938031268283581,0,7.9125573320894915,0.1039755132612363
11.52,10.721403534037833,-6.923734309873069,1.538302063072928,7.896252040092293,-6.923734309873044,0,7.8962520400923,-6.923734309873069,1.538302063072928,7.896252040092293,-6.923734309873044,0,7.8962520400923,0.10376122134471111
11.54,10.699147663738739,-6.909361775668835,1.5351091566023687,7.879860574200791,-6.909361775668838,0,7.879860574200855,-6.909361775668835,1.5351091566023687,7.879860574200791,-6.909361775668838,0,7.879860574200855,0.10354580039385548
11.56,10.676773358495602,-6.894912757883059,1.531899211695209,7.863381900244391,-6.894912757883063,0,7.863381900244427,-6.894912757883059,1.531899211695209,7.863381900244391,-6.894912757883063,0,7.863381900244427,0.1033292370354965
11.58,10.654279190517958,-6.8803863344728775,1.528672020674846,7.846814967815945,-6.880386334472885,0,7.846814967816009,-6.8803863344728775,1.528672020674846,7.846814967815945,-6.880386334472885,0,7.846814967816009,0.10311151768701718
11.6,10.631663709941739,-6.865781569141024,1.5254273726476564,7.830158710271498,-6.865781569140996,0,7.830158710271533,-6.865781569141024,1.5254273726476564,7.830158710271498,-6.865781569140996,0,7.830158710271533,0.1028926285563562
11.62,10.6089254448293,-6.851097511335315,1.522165053502916,7.813412044730455,-6.85109751133529,0,7.813412044730434,-6.851097511335315,1.522165053502916,7.813412044730455,-6.85109751133529,0,7.813412044730434,0.10267255564200836
11.64,10.586062901169198,-6.83633319624899,1.5188848459130497,7.7965738720753635,-6.836333196248969,0,7.796573872075427,-6.83633319624899,1.5188848459130497,7.7965738720753635,-6.836333196248969,0,7.796573872075427,0.10245128473302416
11.66,10.563074562876714,-6.821487644820245,1.5155865293327366,7.779643076952894,-6.821487644820223,0,7.779643076952986,-6.821487644820245,1.5155865293327366,7.779643076952894,-6.821487644820223,0,7.779643076952986,0.10222880140901
11.68,10.539958891793484,-6.806559863732851,1.5122698799997663,7.762618527772595,-6.806559863732829,0,7.762618527772602,-6.806559863732851,1.5122698799997663,7.762618527772595,-6.806559863732829,0,7.762618527772602,0.10200509104012827
11.7,10.51671432768708,-6.7915488454155835,1.5089346709345675,7.745499076707212,-6.791548845415559,0,7.745499076707411,-6.7915488454155835,1.5089346709345675,7.745499076707212,-6.791548845415559,0,7.745499076707411,0.10178013878709702
11.72,10.493339288252203,-6.776453568042722,1.5055806719407743,7.7282835596934305,-6.776453568042729,0,7.728283559693487,-6.776453568042722,1.5055806719407743,7.7282835596934305,-6.776453568042729,0,7.728283559693487,0.10155392960119031
11.74,10.469832169109253,-6.761272995533634,1.5022076496042693,7.7109707964307574,-6.761272995533613,0,7.7109707964307646,-6.761272995533634,1.5022076496042693,7.7109707964307574,-6.761272995533613,0,7.7109707964307646,0.1013264482242381
11.76,10.446191343805687,-6.746006077552973,1.498815367294302,7.693559590382762,-6.7460060775529485,0,7.6935595903829395,-6.746006077552973,1.498815367294302,7.693559590382762,-6.7460060775529485,0,7.6935595903829395,0.10109767918862617
11.78,10.422415163814646,-6.730651749510635,1.495403585162646,7.676048728775534,-6.73065174951061,0,7.676048728775598,-6.730651749510635,1.495403585162646,7.676048728775534,-6.73065174951061,0,7.676048728775598,0.10086760681729609
11.8,10.398501958536187,-6.715208932561836,1.4919720601438886,7.658436982599177,-6.715208932561815,0,7.6584369825992695,-6.715208932561836,1.4919720601438886,7.658436982599177,-6.715208932561815,0,7.6584369825992695,0.10063621522374543
11.82,10.374450035296512,-6.699676533606876,1.4885205459552662,7.640723106607048,-6.69967653360688,0,7.640723106607112,-6.699676533606876,1.4885205459552662,7.640723106607048,-6.69967653360688,0,7.640723106607112,0.10040348831202761
11.84,10.350257679348665,-6.684053445291749,1.4850487930973832,7.622905839316012,-6.6840534452917275,0,7.622905839316076,-6.684053445291749,1.4850487930973832,7.622905839316012,-6.6840534452917275,0,7.622905839316076,0.10016940977675182
11.86,10.32592315387132,-6.668338546007174,1.4815565488528994,7.604983903005845,-6.668338546007153,0,7.604983903005852,-6.668338546007174,1.4815565488528994,7.604983903005845,-6.668338546007153,0,7.604983903005852,0.09993396310308325
11.88,10.301444699970261,-6.652530699889432,1.4780435572883182,7.586956003720168,-6.652530699889407,0,7.586956003720289,-6.652530699889432,1.4780435572883182,7.586956003720168,-6.652530699889407,0,7.586956003720289,0.09969713156674286
11.9,10.276820536677253,-6.636628756819938,1.474509559251623,7.568820831265953,-6.636628756819917,0,7.568820831266045,-6.636628756819938,1.474509559251623,7.568820831265953,-6.636628756819917,0,7.568820831266045,0.09945889823400757
11.92,10.25204886095069,-6.620631552425436,1.4709542923747314,7.550577059213296,-6.620631552425412,0,7.550577059213275,-6.620631552425436,1.4709542923747314,7.550577059213296,-6.620631552425412,0,7.550577059213275,0.09921924596171013
11.94,10.227127847675185,-6.604537908077965,1.4673774910721482,7.532223344895733,-6.604537908077944,0,7.532223344895769,-6.604537908077965,1.4673774910721482,7.532223344895733,-6.604537908077944,0,7.532223344895769,0.09897815739723909
11.96,10.202055649662126,-6.588346630894765,1.4637788865406964,7.513758329410678,-6.5883466308947405,0,7.513758329410685,-6.588346630894765,1.4637788865406964,7.513758329410678,-6.5883466308947405,0,7.513758329410685,0.09873561497853897
11.98,10.176830397648537,-6.572056513738154,1.4601582067604095,7.495180637617985,-6.572056513738133,0,7.4951806376180485,-6.572056513738154,1.4601582067604095,7.495180637617985,-6.572056513738133,0,7.4951806376180485,0.09849160093411016
12.0,10.151454814917143,-6.5556693150937235,1.4565159472824272,7.47649223233811,-6.555669315093731,0,7.476492232338167,-6.5556693150937235,1.4565159472824272,7.47649223233811,-6.555669315093731,0,7.476492232338167,0.09824613285964669
12.02,10.125968359877007,-6.539210515056723,1.4528587400646433,7.457721777611155,-6.53921051505667,0,7.457721777611191,-6.539210515056723,1.4528587400646433,7.457721777611155,-6.53921051505667,0,7.457721777611191,0.09799951152294231
12.04,10.100327863886491,-6.522652237523175,1.4491794161841334,7.438837878722325,-6.522652237523154,0,7.438837878722417,-6.522652237523175,1.4491794161841334,7.438837878722325,-6.522652237523154,0,7.438837878722417,0.09775140063500064
12.06,10.074531566934535,-6.505993345901203,1.4454777237484056,7.419839239174507,-6.505993345901182,0,7.419839239174571,-6.505993345901203,1.4454777237484056,7.419839239174507,-6.505993345901182,0,7.419839239174571,0.09750178310953356
12.08,10.04857769025238,-6.489232691485757,1.4417534082017802,7.400724548644007,-6.489232691485736,0,7.400724548644014,-6.489232691485757,1.4417534082017802,7.400724548644007,-6.489232691485736,0,7.400724548644014,0.09725064167637791
12.1,10.022464436314625,-6.472369113458775,1.438006212325602,7.381492482981606,-6.472369113458782,0,7.381492482981834,-6.472369113458775,1.438006212325602,7.381492482981606,-6.472369113458782,0,7.381492482981834,0.09699795888149555
12.12,9.996189988838742,-6.455401438889023,1.4342358762378762,7.362141704212171,-6.455401438888998,0,7.362141704212291,-6.455401438889023,1.4342358762378762,7.362141704212171,-6.455401438888998,0,7.362141704212291,0.09674371708697338
12.14,9.969752512785234,-6.438328482732327,1.430442137393241,7.342670860534625,-6.438328482732306,0,7.3426708605346604,-6.438328482732327,1.430442137393241,7.342670860534625,-6.438328482732306,0,7.3426708605346604,0.09648789847102338
12.16,9.943150154357246,-6.421149047831143,1.4266247305833692,7.323078586321721,-6.421149047831122,0,7.323078586321898,-6.421149047831143,1.4266247305833692,7.323078586321721,-6.421149047831122,0,7.323078586321898,0.09623048502798257
12.18,9.91638104100128,-6.403861924915134,1.4227833879362155,7.30336350212076,-6.403861924915141,0,7.303363502120824,-6.403861924915134,1.4227833879362155,7.30336350212076,-6.403861924915141,0,7.303363502120824,0.09597145856831296
12.2,9.889443281406358,-6.386465892600743,1.418917838917638,7.283524214652296,-6.38646589260075,0,7.283524214652353,-6.386465892600743,1.418917838917638,7.283524214652296,-6.38646589260075,0,7.283524214652353,0.09571080071860164
12.22,9.862334965504926,-6.368959717391611,1.4150278103288327,7.263559316811765,-6.36895971739159,0,7.263559316811765,-6.368959717391611,1.4150278103288327,7.263559316811765,-6.36895971739159,0,7.263559316811765,0.09544849292156077
12.24,9.83505416447209,-6.351342153677759,1.4111130263090317,7.243467387668439,-6.351342153677734,0,7.243467387668474,-6.351342153677759,1.4111130263090317,7.243467387668439,-6.351342153677734,0,7.243467387668474,0.09518451643602745
12.26,9.807598930725757,-6.333611943736415,1.407173208333318,7.223246992465384,-6.333611943736393,0,7.2232469924654765,-6.333611943736415,1.407173208333318,7.223246992465384,-6.333611943736393,0,7.2232469924654765,0.0949188523369639
12.28,9.779967297927055,-6.315767817731871,1.4032080752143354,7.20289668261983,-6.315767817731821,0,7.2028966826198655,-6.315767817731871,1.4032080752143354,7.20289668261983,-6.315767817731821,0,7.2028966826198655,0.09465148151545737
12.3,9.752157280980146,-6.297808493715078,1.3992173431007568,7.182414995723555,-6.297808493715085,0,7.182414995723619,-6.297808493715078,1.3992173431007568,7.182414995723555,-6.297808493715085,0,7.182414995723619,0.09438238467872018
12.32,9.724166876031795,-6.279732677624086,1.3952007254786425,7.161800455541716,-6.2797326776240645,0,7.161800455541751,-6.279732677624086,1.3952007254786425,7.161800455541716,-6.2797326776240645,0,7.161800455541751,0.09411154235008955
12.34,9.695994060472092,-6.261539063283635,1.3911579331705841,7.141051572014192,-6.261539063283614,0,7.141051572014284,-6.261539063283635,1.3911579331705841,7.141051572014192,-6.261539063283614,0,7.141051572014284,0.0938389348690279
12.36,9.667636792933536,-6.243226332405669,1.3870886743359838,7.120166841253997,-6.243226332405648,0,7.120166841254118,-6.243226332405669,1.3870886743359838,7.120166841253997,-6.243226332405648,0,7.120166841254118,0.09356454239112266
12.38,9.639093013292463,-6.224793154588937,1.382992654471038,7.099144745549502,-6.224793154588944,0,7.099144745549623,-6.224793154588937,1.382992654471038,7.099144745549502,-6.224793154588944,0,7.099144745549623,0.09328834488808622
12.4,9.610360642667263,-6.206238187318922,1.3788695764087509,7.0779837533621475,-6.206238187318901,0,7.077983753362183,-6.206238187318922,1.3788695764087509,7.0779837533621475,-6.206238187318901,0,7.077983753362183,0.0930103221477561
12.42,9.581437583419616,-6.187560075968307,1.374719140318943,7.0566823193275,-6.187560075968285,0,7.056682319327564,-6.187560075968307,1.374719140318943,7.0566823193275,-6.187560075968285,0,7.056682319327564,0.09273045377409479
12.44,9.552321719154254,-6.168757453796333,1.3705410437080667,7.035238884255882,-6.168757453796312,0,7.035238884255882,-6.168757453796333,1.3705410437080667,7.035238884255882,-6.168757453796312,0,7.035238884255882,0.09244871918718987
12.46,9.523010914718764,-6.149828941949703,1.3663349814192864,7.013651875130904,-6.149828941949682,0,7.013651875130968,-6.149828941949703,1.3663349814192864,7.013651875130904,-6.149828941949682,0,7.013651875130968,0.09216509762325392
12.48,9.493503016203764,-6.130773149461405,1.3621006456331015,6.991919705110909,-6.130773149461412,0,6.991919705110973,-6.130773149461405,1.3621006456331015,6.991919705110909,-6.130773149461412,0,6.991919705110973,0.09187956813462461
12.5,9.463795850942597,-6.11158867325179,1.3578377258662755,6.970040773527657,-6.111588673251768,0,6.970040773527721,-6.11158867325179,1.3578377258662755,6.970040773527657,-6.111588673251768,0,6.970040773527721,0.09159210958976463
12.52,9.43388722751177,-6.092274098128087,1.3535459089721913,6.9480134658874135,-6.092274098128065,0,6.948013465887506,-6.092274098128087,1.3535459089721913,6.9480134658874135,-6.092274098128065,0,6.948013465887506,0.09130270067326163
12.54,9.40377493573092,-6.072827996784179,1.3492248791419446,6.925836153870698,-6.072827996784186,0,6.925836153870762,-6.072827996784179,1.3492248791419446,6.925836153870698,-6.072827996784186,0,6.925836153870762,0.09101131988582843
12.56,9.373456746662054,-6.053248929801075,1.3448743179022635,6.903507195331478,-6.053248929801054,0,6.903507195331478,-6.053248929801075,1.3448743179022635,6.903507195331478,-6.053248929801054,0,6.903507195331478,0.09071794554430282
12.58,9.342930412610627,-6.033535445646644,1.340493904117312,6.88102493429826,-6.033535445646653,0,6.8810249342982885,-6.033535445646644,1.340493904117312,6.88102493429826,-6.033535445646653,0,6.8810249342982885,0.09042255578164765
12.6,9.312193667124987,-6.013686080675628,1.3360833139881443,6.858387700973644,-6.013686080675635,0,6.85838770097368,-6.013686080675628,1.3360833139881443,6.858387700973644,-6.013686080675635,0,6.85838770097368,0.09012512854695079
12.62,9.281244224996072,-5.99369935912989,1.3316422210523289,6.835593811733652,-5.993699359129899,0,6.835593811733716,-5.99369935912989,1.3316422210523289,6.835593811733652,-5.993699359129899,0,6.835593811733716,0.08982564160542514
12.64,9.250079782258126,-5.973573793137746,1.3271702961840797,6.812641569129319,-5.973573793137724,0,6.812641569129383,-5.973573793137746,1.3271702961840797,6.812641569129319,-5.973573793137724,0,6.812641569129383,0.0895240725384087
12.66,9.218698016188382,-5.953307882715075,1.3226672075945523,6.78952926188515,-5.953307882715025,0,6.789529261885178,-5.953307882715075,1.3226672075945523,6.78952926188515,-5.953307882715025,0,6.789529261885178,0.08922039874336449
12.68,9.187096585306707,-5.932900115764085,1.3181326208321256,6.7662551648998175,-5.932900115764065,0,6.766255164899874,-5.932900115764085,1.3181326208321256,6.7662551648998175,-5.932900115764065,0,6.766255164899874,0.08891459743388044
12.7,9.155273129376123,-5.912348968074202,1.3135661987812437,6.7428175392460545,-5.912348968074182,0,6.742817539245998,-5.912348968074202,1.3135661987812437,6.7428175392460545,-5.912348968074182,0,6.742817539245998,0.08860664563966973
12.72,9.12322526940271,-5.891652903321706,1.3089676016636016,6.71921463217096,-5.891652903321713,0,6.719214632171045,-5.891652903321706,1.3089676016636016,6.71921463217096,-5.891652903321713,0,6.719214632171045,0.08829652020657049
12.74,9.09095060763521,-5.870810373069894,1.3043364870373022,6.695444677095161,-5.870810373069903,0,6.695444677095217,-5.870810373069894,1.3043364870373022,6.695444677095161,-5.870810373069903,0,6.695444677095217,0.08798419779654582
12.76,9.058446727565546,-5.849819816768713,1.2996725097976443,6.67150589361389,-5.849819816768722,0,6.6715058936140395,-5.849819816768713,1.2996725097976443,6.67150589361389,-5.849819816768722,0,6.6715058936140395,0.08766965488768394
12.78,9.025711193928645,-5.828679661755318,1.2949753221764642,6.64739648749633,-5.828679661755299,0,6.647396487496337,-5.828679661755318,1.2949753221764642,6.64739648749633,-5.828679661755299,0,6.647396487496337,0.08735286777419812
12.8,8.992741552701926,-5.807388323253507,1.2902445737425365,6.623114650685217,-5.8073883232534875,0,6.623114650685274,-5.807388323253507,1.2902445737425365,6.623114650685217,-5.8073883232534875,0,6.623114650685274,0.08703381256642662
12.82,8.959535331106228,-5.785944204374253,1.2854799114011906,6.598658561297917,-5.785944204374262,0,6.598658561297981,-5.785944204374253,1.2854799114011906,6.598658561297917,-5.785944204374262,0,6.598658561297981,0.08671246519083271
12.84,8.926090037605375,-5.76434569611542,1.2806809793949068,6.574026383625807,-5.764345696115372,0,6.574026383625785,-5.76434569611542,1.2806809793949068,6.574026383625807,-5.764345696115372,0,6.574026383625785,0.08638880139000486
12.86,8.892403161905554,-5.742591177361417,1.2758474193024911,6.549216268133989,-5.742591177361398,0,6.549216268134138,-5.742591177361417,1.2758474193024911,6.549216268133989,-5.742591177361398,0,6.549216268134138,0.08606279672265642
12.88,8.85847217495678,-5.720679014884114,1.2709788700400226,6.5242263514621825,-5.720679014884121,0,6.524226351462218,-5.720679014884114,1.2709788700400226,6.5242263514621825,-5.720679014884121,0,6.524226351462218,0.08573442656362579
12.9,8.824294528951278,-5.698607563341898,1.2660749678599785,6.499054756423668,-5.698607563341879,0,6.499054756423675,-5.698607563341898,1.2660749678599785,6.499054756423668,-5.698607563341879,0,6.499054756423675,0.0854036661038765
12.92,8.789867657324567,-5.676375165280156,1.2611353463518125,6.473699592006163,-5.676375165280165,0,6.47369959200622,-5.676375165280156,1.2611353463518125,6.473699592006163,-5.676375165280165,0,6.47369959200622,0.08507049035049709
12.94,8.755188974754898,-5.6539801511314725,1.2561596364415033,6.4481589533709,-5.653980151131426,0,6.448158953370985,-5.6539801511314725,1.2561596364415033,6.4481589533709,-5.653980151131426,0,6.448158953370985,0.08473487412670103
12.96,8.720255877163847,-5.6314208392147815,1.2511474663922417,6.422430921854094,-5.631420839214762,0,6.422430921854264,-5.6314208392147815,1.2511474663922417,6.422430921854094,-5.631420839214762,0,6.422430921854264,0.08439679207182701
12.98,8.685065741715567,-5.608695535736565,1.2460984618038102,6.396513564965069,-5.608695535736517,0,6.396513564965076,-5.608695535736565,1.2460984618038102,6.396513564965069,-5.608695535736517,0,6.396513564965076,0.08405621864133862
13.0,8.649615926817365,-5.5858025347896625,1.2410122456127066,6.370404936387963,-5.5858025347896145,0,6.370404936387999,-5.5858025347896625,1.2410122456127066,6.370404936387963,-5.5858025347896145,0,6.370404936387999,0.08371312810682457
13.02,8.613903772119395,-5.562740118354249,1.235888438092303,6.344103075980414,-5.562740118354258,0,6.3441030759804775,-5.562740118354249,1.235888438092303,6.344103075980414,-5.562740118354258,0,6.3441030759804775,0.0833674945559986
13.04,8.57792659851491,-5.539506556297271,1.230726656852542,6.317606009774586,-5.539506556297281,0,6.317606009774757,-5.539506556297271,1.230726656852542,6.317606009774586,-5.539506556297281,0,6.317606009774757,0.08301929189269941
13.06,8.541681708139828,-5.516100106372448,1.2255265168404321,6.290911749976317,-5.516100106372457,0,6.290911749976495,-5.516100106372448,1.2255265168404321,6.290911749976317,-5.516100106372457,0,6.290911749976495,0.08266849383689084
13.08,8.505166384373453,-5.492519014220633,1.2202876303397074,6.264018294965929,-5.492519014220614,0,6.264018294965993,-5.492519014220633,1.2202876303397074,6.264018294965929,-5.492519014220614,0,6.264018294965993,0.08231507392466174
13.1,8.468377891837559,-5.46876151336941,1.2150096069707788,6.236923629297394,-5.468761513369392,0,6.236923629297486,-5.46876151336941,1.2150096069707788,6.236923629297394,-5.468761513369392,0,6.236923629297486,0.08195900550822599
13.12,8.431313476397374,-5.444825825233432,1.2096920536909384,6.209625723699254,-5.4448258252334405,0,6.209625723699226,-5.444825825233432,1.2096920536909384,6.209625723699254,-5.4448258252334405,0,6.209625723699226,0.08160026175592246
13.14,8.39397036516054,-5.420710159114249,1.2043345747941467,6.1821225350733755,-5.420710159114229,0,6.182122535073489,-5.420710159114249,1.2043345747941467,6.1821225350733755,-5.420710159114229,0,6.182122535073489,0.08123881565221518
13.16,8.356345766478084,-5.396412712200226,1.1989367719113018,6.154412006496393,-5.3964127122001795,0,6.15441200649645,-5.396412712200226,1.1989367719113018,6.154412006496393,-5.3964127122001795,0,6.15441200649645,0.08087463999769313
13.18,8.318436869943927,-5.3719316695666866,1.193498244010093,6.1264920672188765,-5.371931669566669,0,6.126492067218884,-5.3719316695666866,1.193498244010093,6.1264920672188765,-5.371931669566669,0,6.126492067218884,0.08050770740907032
13.2,8.280240846394602,-5.347265204175798,1.1880185873949953,6.09836063266507,-5.347265204175807,0,6.09836063266502,-5.347265204175798,1.1880185873949953,6.09836063266507,-5.347265204175807,0,6.09836063266502,0.08013799031918584
13.22,8.241754847910052,-5.322411476876912,1.182497395706739,6.0700156044337845,-5.322411476876866,0,6.07001560443382,-5.322411476876912,1.182497395706739,6.0700156044337845,-5.322411476876866,0,6.07001560443382,0.07976546097700385
13.24,8.20297600781288,-5.297368636406041,1.1769342599236818,6.041454870297457,-5.297368636406052,0,6.041454870297578,-5.297368636406041,1.1769342599236818,6.041454870297457,-5.297368636406052,0,6.041454870297578,0.0793900914476135
13.26,8.163901440668848,-5.272134819386135,1.1713287683606062,6.012676304203033,-5.272134819386089,0,6.01267630420309,-5.272134819386135,1.1713287683606062,6.012676304203033,-5.272134819386089,0,6.01267630420309,0.07901185361222895
13.28,8.124528242286393,-5.246708150327072,1.165680506668802,5.983677766271192,-5.246708150327054,0,5.9836777662711995,-5.246708150327072,1.165680506668802,5.983677766271192,-5.246708150327054,0,5.9836777662711995,0.07863071916818946
13.3,8.084853489717371,-5.221086741625802,1.159989057836877,5.954457102796937,-5.2210867416257845,0,5.954457102796944,-5.221086741625802,1.159989057836877,5.954457102796937,-5.2210867416257845,0,5.954457102796944,0.07824665962895935
13.32,8.04487424125601,-5.19526869356598,1.1542540021897505,5.925012146248974,-5.195268693565991,0,5.92501214624901,-5.19526869356598,1.1542540021897505,5.925012146248974,-5.195268693565991,0,5.92501214624901,0.07785964632412791
13.34,8.004587536439882,-5.169252094318297,1.14847491738922,5.895340715270379,-5.169252094318308,0,5.895340715270464,-5.169252094318297,1.14847491738922,5.895340715270379,-5.169252094318308,0,5.895340715270464,0.07746965039940952
13.36,7.963990396049526,-5.143035019940317,1.142651378434297,5.865440614678256,-5.143035019940271,0,5.86544061467837,-5.143035019940317,1.142651378434297,5.865440614678256,-5.143035019940271,0,5.86544061467837,0.07707664281664352
13.38,7.923079822108397,-5.116615534376532,1.1367829576602437,5.835309635463865,-5.116615534376514,0,5.8353096354639575,-5.116615534376532,1.1367829576602437,5.835309635463865,-5.116615534376514,0,5.8353096354639575,0.07668059435379442
13.4,7.881852797882656,-5.089991689458376,1.130869224739321,5.804945554792113,-5.089991689458387,0,5.804945554792226,-5.089991689458376,1.130869224739321,5.804945554792113,-5.089991689458387,0,5.804945554792226,0.07628147560495167
13.42,7.840306287882013,-5.063161524904135,1.1249097466805198,5.774346136002784,-5.063161524904146,0,5.774346136002791,-5.063161524904135,1.1249097466805198,5.774346136002784,-5.063161524904146,0,5.774346136002791,0.07587925698032982
13.44,7.798437237858421,-5.036123068319068,1.118904087829808,5.743509128608679,-5.03612306831905,0,5.743509128608686,-5.036123068319068,1.118904087829808,5.743509128608679,-5.03612306831905,0,5.743509128608686,0.07547390870626841
13.46,7.7562425748072386,-5.008874335195259,1.112851809869734,5.712432268297448,-5.008874335195269,0,5.712432268297562,-5.008874335195259,1.112851809869734,5.712432268297448,-5.008874335195269,0,5.712432268297562,0.075065400825232
13.48,7.7137192069668155,-4.981413328911863,1.1067524718196964,5.68111327693061,-4.981413328911847,0,5.68111327693061,-4.981413328911863,1.1067524718196964,5.68111327693061,-4.981413328911847,0,5.68111327693061,0.07465370319581031
13.5,7.67086402381828,-4.9537380407348035,1.1006056300357283,5.649549862543687,-4.9537380407347875,0,5.649549862543807,-4.9537380407348035,1.1006056300357283,5.649549862543687,-4.9537380407347875,0,5.649549862543807,0.07423878549271799
13.52,7.627673896085872,-4.925846449817012,1.0944108382111652,5.617739719346268,-4.925846449816966,0,5.617739719346403,-4.925846449817012,1.0944108382111652,5.617739719346268,-4.925846449816966,0,5.617739719346403,0.07382061720679477
13.54,7.58414567573684,-4.89773652319831,1.0881676473753572,5.585680527722275,-4.897736523198294,0,5.585680527722232,-4.89773652319831,1.0881676473753572,5.585680527722275,-4.897736523198294,0,5.585680527722232,0.07339916764500534
13.56,7.5393409499831066,-4.868802249380597,1.081739652481919,5.552681873036462,-4.868802249380609,0,5.552681873036491,-4.868802249380597,1.081739652481919,5.552681873036462,-4.868802249380609,0,5.552681873036491,0.07296550229043172
13.58,7.493907962215278,-4.839462253231453,1.0752210951621164,5.519220678717758,-4.839462253231407,0,5.5192206787177795,-4.839462253231453,1.0752210951621164,5.519220678717758,-4.839462253231407,0,5.5192206787177795,0.07252579175412288
13.6,7.448060600356927,-4.809854660028019,1.06864307638772,5.485454303232011,-4.809854660028002,0,5.485454303232075,-4.809854660028019,1.06864307638772,5.485454303232011,-4.809854660028002,0,5.485454303232075,0.0720820715322011
13.62,7.4017938868530795,-4.779976255334724,1.0620048814912426,5.451379080839239,-4.779976255334734,0,5.4513790808392955,-4.779976255334724,1.0620048814912426,5.451379080839239,-4.779976255334734,0,5.4513790808392955,0.071634293493168
13.64,7.355102805735072,-4.749823799909096,1.0553057902841778,5.416991317511702,-4.749823799909079,0,5.416991317511709,-4.749823799909096,1.0553057902841778,5.416991317511702,-4.749823799909079,0,5.416991317511709,0.07118240913451755
13.66,7.307982302620951,-4.719394029701627,1.0485450770577018,5.382287290934379,-4.719394029701611,0,5.382287290934414,-4.719394029701627,1.0485450770577018,5.382287290934379,-4.719394029701611,0,5.382287290934414,0.0707263695827357
13.68,7.260427284714847,-4.688683655855709,1.0417220105825127,5.347263250504255,-4.688683655855691,0,5.347263250504319,-4.688683655855709,1.0417220105825127,5.347263250504255,-4.688683655855691,0,5.347263250504319,0.07026612559330069
13.7,7.212432620807288,-4.657689364707945,1.0348358541080755,5.311915417330596,-4.657689364707929,0,5.311915417330631,-4.657689364707945,1.0348358541080755,5.311915417330596,-4.657689364707929,0,5.311915417330631,0.06980162755068278
13.72,7.163993141275172,-4.626407817787921,1.027885865363929,5.276239984234749,-4.626407817787905,0,5.276239984234827,-4.626407817787921,1.027885865363929,5.276239984234749,-4.626407817787905,0,5.276239984234827,0.06933282546834463
13.74,7.115103638081683,-4.594835651817929,1.0208712965584588,5.240233115750826,-4.594835651817942,0,5.240233115750883,-4.594835651817929,1.0208712965584588,5.240233115750826,-4.594835651817942,0,5.240233115750883,0.06885966898874087
13.76,7.065758864776404,-4.562969478713738,1.0137913943796897,5.203890948124595,-4.562969478713722,0,5.203890948124737,-4.562969478713738,1.0137913943796897,5.203890948124595,-4.562969478713722,0,5.203890948124737,0.0683821073833184
13.78,7.015953536495424,-4.530805885583806,1.0066453999950005,5.167209589314744,-4.530805885583792,0,5.16720958931478,-4.530805885583806,1.0066453999950005,5.167209589314744,-4.530805885583792,0,5.16720958931478,0.06790008955251621
13.8,6.965682329960831,-4.4983414347296,0.9994325490511691,5.1301851189916405,-4.498341434729584,0,5.1301851189917045,-4.4983414347296,0.9994325490511691,5.1301851189916405,-4.498341434729584,0,5.1301851189917045,0.06741356402576558
13.82,6.914939883481347,-4.465572663645759,0.9921520716740737,5.092813588538341,-4.4655726636457285,0,5.092813588538405,-4.465572663645759,0.9921520716740737,5.092813588538341,-4.4655726636457285,0,5.092813588538405,0.06692247896148985
13.84,6.8637207969521,-4.432496085019823,0.9848031924693772,5.055091021050117,-4.432496085019807,0,5.0550910210501385,-4.432496085019823,0.9848031924693772,5.055091021050117,-4.432496085019807,0,5.0550910210501385,0.06642678214710462
13.86,6.812019631854334,-4.399108186732461,0.9773851305220052,5.01701341133424,-4.399108186732459,0,5.017013411334318,-4.399108186732461,0.9773851305220052,5.01701341133424,-4.399108186732459,0,5.017013411334318,0.06592642099901755
13.88,6.759830911255672,-4.365405431857093,0.9698970993959435,4.978576725910521,-4.365405431857093,0,4.978576725910514,-4.365405431857093,0.9698970993959435,4.978576725910521,-4.365405431857093,0,4.978576725910514,0.06542134256262849
13.9,6.707149119810364,-4.331384258660446,0.9623383071348575,4.939776903011094,-4.331384258660446,0,4.9397769030111505,-4.331384258660446,0.9623383071348575,4.939776903011094,-4.331384258660446,0,4.9397769030111505,0.06491149351232964
13.92,6.653968703758711,-4.297041080602051,0.954707956261835,4.900609852580121,-4.297041080602051,0,4.900609852580182,-4.297041080602051,0.954707956261835,4.900609852580121,-4.297041080602051,0,4.900609852580182,0.06439682015150512
13.94,6.600284070927563,-4.262372286334584,0.9470052437791514,4.861071456274303,-4.262372286334568,0,4.861071456274306,-4.262372286334584,0.9470052437791514,4.861071456274303,-4.262372286334568,0,4.861071456274306,0.06387726841253138
13.96,6.546089590729919,-4.227374239703726,0.9392293611685743,4.821157567462169,-4.227374239703712,0,4.821157567462144,-4.227374239703726,0.9392293611685743,4.821157567462169,-4.227374239703712,0,4.821157567462144,0.06335278385677692
13.98,6.4913795941653945,-4.192043279747949,0.9313794943909803,4.7808640112253045,-4.192043279747949,0,4.780864011225322,-4.192043279747949,0.9313794943909803,4.7808640112253045,-4.192043279747949,0,4.780864011225322,0.0628233116746026
14.0,6.436148373819664,-4.156375720698989,0.9234548238870812,4.740186584356703,-4.156375720698975,0,4.740186584356735,-4.156375720698989,0.9234548238870812,4.740186584356703,-4.156375720698975,0,4.740186584356735,0.06228879668536126
14.02,6.380390183865079,-4.120367851981511,0.9154545245767451,4.6991210553622516,-4.120367851981511,0,4.69912105536234,-4.120367851981511,0.9154545245767451,4.6991210553622516,-4.120367851981511,0,4.69912105536234,0.06174918333739797
14.04,6.3240992400600895,-4.084015938213172,0.9073777658590969,4.657663164459823,-4.084015938213158,0,4.657663164459869,-4.084015938213172,0.9073777658590969,4.657663164459823,-4.084015938213158,0,4.657663164459869,0.061204415708049964
14.06,6.26726971974953,-4.047316219204568,0.8992237116126414,4.615808623579628,-4.047316219204568,0,4.61580862357966,-4.047316219204568,0.8992237116126414,4.615808623579628,-4.047316219204568,0,4.61580862357966,0.06065443750364672
14.08,6.209895761864788,-4.010264909959471,0.8909915201955072,4.573553116364266,-4.010264909959471,0,4.573553116364298,-4.010264909959471,0.8909915201955072,4.573553116364266,-4.010264909959471,0,4.573553116364298,0.06009919205950981
14.1,6.151971466923348,-3.9728582006745583,0.8826803444450384,4.530892298168336,-3.9728582006745583,0,4.530892298168396,-3.9728582006745583,0.8826803444450384,4.530892298168336,-3.9728582006745583,0,4.530892298168396,0.059538622339952975
14.12,6.09349089702926,-3.935092256739516,0.8742893316777924,4.487821796059091,-3.9350922567395017,0,4.487821796059137,-3.935092256739516,0.8742893316777924,4.487821796059091,-3.9350922567395017,0,4.487821796059137,0.05897267093828211
14.14,6.03444807587266,-3.8969632187370618,0.8658176236901136,4.444337208815547,-3.8969632187370493,0,4.444337208815522,-3.8969632187370618,0.8658176236901136,4.444337208815547,-3.8969632187370493,0,4.444337208815522,0.0584012800767954
14.16,5.974836988730386,-3.8584672024429025,0.8572643567572462,4.400434106929556,-3.8584672024428883,0,4.400434106929659,-3.8584672024429025,0.8572643567572462,4.400434106929556,-3.8584672024428883,0,4.400434106929659,0.0578243916067831
14.18,5.914651582465371,-3.8196002988257103,0.8486286616341587,4.356108032604954,-3.8196002988257263,0,4.356108032604983,-3.8196002988257103,0.8486286616341587,4.356108032604954,-3.8196002988257263,0,4.356108032604983,0.05724194700852759
14.2,5.853885765527055,-3.780358574047309,0.8399096635551033,4.311354499757893,-3.7803585740472965,0,4.311354499757854,-3.780358574047309,0.8399096635551033,4.311354499757893,-3.7803585740472965,0,4.311354499757854,0.05665388739130346
14.22,5.792533407951074,-3.7407380694624557,0.8311064822335381,4.26616899401666,-3.740738069462445,0,4.26616899401672,-3.7407380694624557,0.8311064822335381,4.26616899401666,-3.740738069462445,0,4.26616899401672,0.05606015349337758
14.24,5.7305883413595335,-3.700734801618827,0.8222182318625615,4.2205469727220475,-3.7007348016188146,0,4.22054697272209,-3.700734801618827,0.8222182318625615,4.2205469727220475,-3.7007348016188146,0,4.22054697272209,0.055460685682008876
14.26,5.668044358960863,-3.66034476225723,0.813244021114579,4.174483864927005,-3.660344762257216,0,4.174483864927051,-3.66034476225723,0.813244021114579,4.174483864927005,-3.660344762257216,0,4.174483864927051,0.05485542395344844
14.28,5.604895215549821,-3.6195639183114245,0.8041829531411073,4.127975071396708,-3.619563918311412,0,4.127975071396797,-3.6195639183114245,0.8041829531411073,4.127975071396708,-3.619563918311412,0,4.127975071396797,0.05424430793293953
14.3,5.541134627507734,-3.578388211908205,0.7950341255734523,4.0810159646089375,-3.578388211908207,0,4.081015964608969,-3.578388211908205,0.7950341255734523,4.0810159646089375,-3.578388211908207,0,4.081015964608969,0.053627276874717675
14.32,5.476756272801969,-3.536813560367424,0.7857966305219954,4.03360188875326,-3.5368135603674116,0,4.033601888753321,-3.536813560367424,0.7857966305219954,4.03360188875326,-3.5368135603674116,0,4.033601888753321,0.05300426966201047
14.34,5.411753790986238,-3.4948358562017106,0.7764695545765545,3.9857281597316785,-3.4948358562017123,0,3.985728159731739,-3.4948358562017106,0.7764695545765545,3.9857281597316785,-3.4948358562017123,0,3.985728159731739,0.052375224807037726
14.36,5.346120783201011,-3.452450967117059,0.7670519788064851,3.9373900651587164,-3.4524509671170467,0,3.937390065158805,-3.452450967117059,0.7670519788064851,3.9373900651587164,-3.4524509671170467,0,3.937390065158805,0.0517400804510114
14.38,5.279850812172766,-3.409654736012243,0.7575429787602506,3.8885828643609557,-3.4096547360122322,0,3.8885828643609877,-3.409654736012243,0.7575429787602506,3.8885828643609557,-3.4096547360122322,0,3.8885828643609877,0.05109877436413555
14.4,5.212937402214404,-3.3664429809790217,0.7479416244658461,3.8393017883772984,-3.3664429809790093,0,3.839301788377302,-3.3664429809790217,0.7479416244658461,3.8393017883772984,-3.3664429809790093,0,3.839301788377302,0.05045124394560662
14.42,5.145374039225183,-3.3228114953023535,0.7382469804307465,3.789542039958711,-3.322811495302343,0,3.7895420399587856,-3.3228114953023535,0.7382469804307465,3.789542039958711,-3.322811495302343,0,3.7895420399587856,0.049797426223613064
14.44,5.077154170690939,-3.27875604745995,0.7284581056414923,3.7392987935690805,-3.278756047459952,0,3.7392987935691373,-3.27875604745995,0.7284581056414923,3.7392987935690805,-3.278756047459952,0,3.7392987935691373,0.049137257855335466
14.46,5.008271205683478,-3.2342723811227447,0.7185740535643261,3.6885671953837864,-3.2342723811227483,0,3.6885671953838752,-3.2342723811227447,0.7185740535643261,3.6885671953837864,-3.2342723811227483,0,3.6885671953838752,0.048470675126946625
14.48,4.938718514861156,-3.1893562151546,0.7085938721446725,3.637342363290802,-3.1893562151546035,0,3.637342363290802,-3.1893562151546,0.7085938721446725,3.637342363290802,-3.1893562151546035,0,3.637342363290802,0.04779761395361162
14.5,4.8684894304688795,-3.1440032436124348,0.6985166038074189,3.5856193868905812,-3.144003243612424,0,3.585619386890599,-3.1440032436124348,0.6985166038074189,3.5856193868905812,-3.144003243612424,0,3.585619386890599,0.04711800987948759
14.52,4.797577246337646,-3.0982091357460497,0.6883412854566653,3.5333933274956877,-3.0982091357460533,0,3.533393327495716,-3.0982091357460497,0.6883412854566653,3.5333933274956877,-3.0982091357460533,0,3.533393327495716,0.04643179807772381
14.54,4.725774990577921,-3.051840231671169,0.6780384455729265,3.4805116595242467,-3.051840231671158,0,3.480511659524275,-3.051840231671169,0.6780384455729265,3.4805116595242467,-3.051840231671158,0,3.480511659524275,0.04573695667905596
14.56,4.652733613558469,-3.0046711194490303,0.6675583874301836,3.4267171524492532,-3.0046711194490054,0,3.4267171524493136,-3.0046711194490303,0.6675583874301836,3.4267171524492532,-3.0046711194490054,0,3.4267171524493136,0.04503007539931588
14.58,4.5789389032998535,-2.9570155150080923,0.6569702556667489,3.3723678139282356,-2.957015515008096,0,3.3723678139282676,-2.9570155150080923,0.6569702556667489,3.3723678139282356,-2.957015515008096,0,3.3723678139282676,0.04431590220139918
14.6,4.5043825803334405,-2.9088680715808843,0.6462728630140653,3.3174575459077076,-2.9088680715808604,0,3.3174575459077396,-2.9088680715808843,0.6462728630140653,3.3174575459077076,-2.9088680715808604,0,3.3174575459077396,0.04359435690129537
14.62,4.42905631050216,-2.86022340708307,0.6354650143661682,3.2619802100525597,-2.8602234070830743,0,3.2619802100525916,-2.86022340708307,0.6354650143661682,3.2619802100525597,-2.8602234070830743,0,3.2619802100525916,0.042865358784947315
14.64,4.352951704960871,-2.8110761041134325,0.62454550677952,3.2059296277465847,-2.811076104113437,0,3.205929627746613,-2.8110761041134325,0.62454550677952,3.2059296277465847,-2.811076104113437,0,3.205929627746613,0.04212882660825144
14.66,4.276060320176414,-2.761420709953943,0.6135131294736498,3.1492995800922294,-2.761420709953933,0,3.1492995800922614,-2.761420709953943,0.6135131294736498,3.1492995800922294,-2.761420709953933,0,3.1492995800922614,0.04138467859705746
14.68,4.198373657927112,-2.7112517365695803,0.6023666638304257,3.0920838079103703,-2.7112517365695847,0,3.0920838079103987,-2.7112517365695803,0.6023666638304257,3.0920838079103703,-2.7112517365695847,0,3.0920838079103987,0.04063283244716849
14.7,4.119883165303447,-2.6605636606084984,0.5911048833945571,3.0342760117409,-2.6605636606084895,0,3.0342760117409,-2.6605636606084984,0.5911048833945571,3.0342760117409,-2.6605636606084895,0,3.0342760117409,0.039873205324341035
14.72,4.040580234707541,-2.6093509234019683,0.5797265538733152,2.975869851842166,-2.6093509234019585,0,2.9758698518422264,-2.6093509234019683,0.5797265538733152,2.975869851842166,-2.6093509234019585,0,2.9758698518422264,0.039105713864285144
14.74,3.960456203853455,-2.557607930964405,0.5682304331364816,2.91685894819134,-2.5576079309644104,0,2.9168589481913436,-2.557607930964405,0.5682304331364816,2.91685894819134,-2.5576079309644104,0,2.9168589481913436,0.03833027417266416
14.76,3.8795023557669923,-2.505329053993332,0.5566152712167165,2.857236880484141,-2.5053290539933375,0,2.857236880484141,-2.505329053993332,0.5566152712167165,2.857236880484141,-2.5053290539933375,0,2.857236880484141,0.037546801825094796
14.78,3.797709918785785,-2.452508627869334,0.5448798103092964,2.7969971881349984,-2.4525086278693253,0,2.7969971881350304,-2.452508627869334,0.5448798103092964,2.7969971881349984,-2.4525086278693253,0,2.7969971881350304,0.0367552118671472
14.8,3.7150700665592757,-2.399140952656224,0.5330227847720721,2.7361333702769315,-2.399140952656216,0,2.736133370276974,-2.399140952656224,0.5330227847720721,2.7361333702769315,-2.399140952656216,0,2.736133370276974,0.03595541881434506
14.82,3.6315739180488578,-2.3452202931008213,0.5210429211255454,2.674638885761887,-2.345220293100799,0,2.674638885761894,-2.3452202931008213,0.5210429211255454,2.674638885761887,-2.345220293100799,0,2.674638885761894,0.035147336652165316
14.84,3.5472125375276002,-2.2907408786331365,0.5089389380528853,2.612507153160241,-2.2907408786331285,0,2.6125071531602515,-2.2907408786331365,0.5089389380528853,2.612507153160241,-2.2907408786331285,0,2.6125071531602515,0.03433087883603835
14.86,3.46197693458039,-2.235696903366267,0.49670954640003795,2.549731550760992,-2.235696903366245,0,2.549731550760999,-2.235696903366267,0.49670954640003795,2.549731550760992,-2.235696903366245,0,2.549731550760999,0.03350595829134795
14.88,3.375858064104094,-2.180082526096448,0.4843534491753332,2.486305416572133,-2.180082526096448,0,2.486305416572158,-2.180082526096448,0.4843534491753332,2.486305416572133,-2.180082526096448,0,2.486305416572158,0.03267248741343127
14.9,3.2888468263072737,-2.1238918703030043,0.4718693415500588,2.4222220483200356,-2.1238918703030043,0,2.422222048320066,-2.1238918703030043,0.4718693415500588,2.4222220483200356,-2.1238918703030043,0,2.422222048320066,0.031830378067579046
14.92,3.2009340667104182,-2.067119024148518,0.4592559108579104,2.3574747034498778,-2.0671190241485107,0,2.357474703449901,-2.067119024148518,0.4592559108579104,2.3574747034498778,-2.0671190241485107,0,2.357474703449901,0.030979541589035244
14.94,3.112110576145679,-2.00975804047843,0.44651183659535176,2.2920565991254414,-2.00975804047843,0,2.2920565991254715,-2.00975804047843,0.44651183659535176,2.2920565991254414,-2.00975804047843,0,2.2920565991254715,0.030119888782997293
14.96,3.022367090757213,-1.9518029368215473,0.4336357904214849,2.225960912229265,-1.9518029368215402,0,2.2259609122292954,-1.9518029368215473,0.4336357904214849,2.225960912229265,-1.9518029368215402,0,2.2259609122292954,0.029251329924615915
14.98,2.9316942920009383,-1.8932476953896646,0.42062643615808093,2.159180779362533,-1.8932476953896584,0,2.159180779362549,-1.8932476953896646,0.42062643615808093,2.159180779362533,-1.8932476953896584,0,2.159180779362549,0.028373774758995527
15.0,2.8400828066444346,-1.8340862630777268,0.4074824297894921,2.0917092968449023,-1.8340862630777215,0,2.0917092968449253,-1.8340862630777268,0.4074824297894921,2.0917092968449023,-1.8340862630777215,0,2.0917092968449253,0.02748713250119368
15.02,2.7475232067674638,-1.774312551463833,0.394202419462822,2.0235395207151115,-1.7743125514638267,0,2.023539520715156,-1.774312551463833,0.394202419462822,2.0235395207151115,-1.7743125514638267,0,2.023539520715156,0.026591311836221442
15.04,2.654006009761262,-1.7139204368091177,0.38078504548765335,1.9546644667302289,-1.7139204368091114,0,1.954664466730243,-1.7139204368091177,0.38078504548765335,1.9546644667302289,-1.7139204368091114,0,1.954664466730243,0.025686220919043188
15.06,2.559521678329136,-1.6529037600579732,0.36722894033648745,1.8850771103661312,-1.652903760057968,0,1.8850771103661312,-1.6529037600579732,0.36722894033648745,1.8850771103661312,-1.652903760057968,0,1.8850771103661312,0.024771767374576925
15.08,2.464060620486042,-1.5912563268377369,0.3535327286442551,1.814770386817317,-1.5912563268377387,0,1.8147703868173188,-1.5912563268377369,0.3535327286442551,1.814770386817317,-1.5912563268377387,0,1.8147703868173188,0.023847858297693855
15.1,2.3676131895589148,-1.5289719074590273,0.3396950272086392,1.7437371909970238,-1.528971907459022,0,1.7437371909970398,-1.5289719074590273,0.3396950272086392,1.7437371909970238,-1.528971907459022,0,1.7437371909970398,0.022914400253218656
15.12,2.270169684186424,-1.4660442369154802,0.32571444498992563,1.6719703775370967,-1.4660442369154754,0,1.6719703775371269,-1.4660442369154802,0.32571444498992563,1.6719703775370967,-1.4660442369154754,0,1.6719703775371269,0.02197129927592932
15.14,2.1717203483191394,-1.4024670148838698,0.3115895831110893,1.5994627607881657,-1.4024670148838578,0,1.5994627607881675,-1.4024670148838698,0.3115895831110893,1.5994627607881657,-1.4024670148838578,0,1.5994627607881675,0.0210184608705575
15.16,2.0722553712193674,-1.3382339057241488,0.2973190348577015,1.5262071148193161,-1.3382339057241373,0,1.5262071148193321,-1.3382339057241488,0.2973190348577015,1.5262071148193161,-1.3382339057241373,0,1.5262071148193321,0.020055790011788015
15.18,1.9717648874613716,-1.273338538479305,0.28290138567810375,1.452196173418546,-1.2733385384793006,0,1.452196173418555,-1.273338538479305,0.28290138567810375,1.452196173418546,-1.2733385384793006,0,1.452196173418555,0.019083191144259166
15.2,1.8702389769311718,-1.2077745068755052,0.26833521318311115,1.3774226300923935,-1.2077745068755008,0,1.3774226300924006,-1.2077745068755052,0.26833521318311115,1.3774226300923935,-1.2077745068755008,0,1.3774226300924006,0.018100568182562574
15.22,1.7676676648266585,-1.1415353693220123,0.25361908714639414,1.3018791380660737,-1.1415353693220083,0,1.301879138066095,-1.1415353693220123,0.25361908714639414,1.3018791380660737,-1.1415353693220083,0,1.301879138066095,0.017107824511243524
15.24,1.6640409216575884,-1.0746146489111967,0.2387515695041278,1.2255583102835201,-1.0746146489111967,0,1.2255583102835281,-1.0746146489111967,0.2387515695041278,1.2255583102835201,-1.0746146489111967,0,1.2255583102835281,0.01610486298480046
15.26,1.5593486632455933,-1.007005833418599,0.22373121435513832,1.1484527194073442,-1.0070058334185954,0,1.1484527194073557,-1.007005833418599,0.22373121435513832,1.1484527194073442,-1.0070058334185954,0,1.1484527194073557,0.015091585927685293
15.28,1.4535807507241207,-0.9387023753028179,0.2085565679610103,1.0705548978187398,-0.9387023753028148,0,1.0705548978187585,-0.9387023753028179,0.2085565679610103,1.0705548978187398,-0.9387023753028148,0,1.0705548978187585,0.014067895134303277
15.3,1.34672699053863,-0.8696976917056078,0.1932261687459068,0.9918573376177156,-0.8696976917056078,0,0.9918573376177227,-0.8696976917056078,0.1932261687459068,0.9918573376177156,-0.8696976917056078,0,0.9918573376177227,0.013033691869013334
15.32,1.2387771344464231,-0.7999851644518414,0.17773854729663308,0.9123524906228093,-0.7999851644518419,0,0.9123524906228173,-0.7999851644518414,0.17773854729663308,0.9123524906228093,-0.7999851644518419,0,0.9123524906228173,0.011988876866127512
15.34,1.1297208795168656,-0.7295581400495015,0.16209222636269482,0.8320327683713238,-0.7295581400495026,0,0.8320327683713318,-0.7295581400495015,0.16209222636269482,0.8320327683713238,-0.7295581400495026,0,0.8320327683713318,0.010933350329911377
15.36,1.0195478681314183,-0.6584099296896884,0.14628572085617453,0.7508905421192251,-0.6584099296896897,0,0.7508905421192331,-0.6584099296896884,0.14628572085617453,0.7508905421192251,-0.6584099296896897,0,0.7508905421192331,0.009867011934583877
15.38,0.908247687983822,-0.5865338092466303,0.1303175378519149,0.668918142841112,-0.5865338092466319,0,0.6689181428411235,-0.5865338092466303,0.1303175378519149,0.668918142841112,-0.5865338092466319,0,0.6689181428411235,0.008789760824317287
15.4,0.7958098720804638,-0.5139230192776756,0.11418617658730496,0.5861078612303041,-0.513923019277674,0,0.5861078612303152,-0.5139230192776756,0.11418617658730496,0.5861078612303041,-0.513923019277674,0,0.5861078612303152,0.007701495613237569
15.42,0.6822238987410583,-0.4405707650232915,0.09789012846244832,0.5024519476987668,-0.44057076502329173,0,0.5024519476987779,-0.4405707650232915,0.09789012846244832,0.5024519476987668,-0.44057076502329173,0,0.5024519476987779,0.006602114385423808
15.44,0.567479191600188,-0.36647021640706334,0.08142787704005883,0.4179426123771277,-0.36647021640706023,0,0.41794261237713304,-0.36647021640706334,0.08142787704005883,0.4179426123771277,-0.36647021640706023,0,0.41794261237713304,0.0054915146949085876
15.46,0.45156511961138696,-0.2916145080356799,0.06479789804555916,0.3325720251147173,-0.2916145080356807,0,0.3325720251147195,-0.2916145080356799,0.06479789804555916,0.3325720251147173,-0.2916145080356807,0,0.3325720251147195,0.004369593565677802
15.48,0.3344709970598011,-0.21599673919898654,0.047998659366966706,0.24633231547951628,-0.21599673919898588,0,0.24633231547951917,-0.21599673919898654,0.047998659366966706,0.24633231547951628,-0.21599673919898588,0,0.24633231547951917,0.0032362474916710457
15.5,0.21618608361708008,-0.13960997386992174,0.031028621054974323,0.1592155727581961,-0.1396099738699213,0,0.15921557275819986,-0.13960997386992174,0.031028621054974323,0.1592155727581961,-0.1396099738699213,0,0.15921557275819986,0.0020913724367810247
15.52,0.09669958480698765,-0.062447240704546464,0.013886235322933989,0.07121384595608632,-0.06244724070454627,0,0.07121384595608682,-0.062447240704546464,0.013886235322933989,0.07121384595608632,-0.06244724070454627,0,0.07121384595608682,9.348638348539499E-4
15.54,0.0243091664646521,0.01569852443996697,-0.003487514741934126,-0.01790370584441446,0.01569852443996697,0,-0.017903705844414586,0.01569852443996697,-0.003487514741934126,-0.01790370584441446,0.01569852443996697,0,-0.017903705844414586,-2.3529248078772767E-4
15.56,0.14649013983037135,0.09460130926007185,-0.021018174014063737,-0.10788921242885519,0.09460130926007199,0,-0.10788921242885485,0.09460130926007185,-0.021018174014063737,-0.10788921242885519,0.09460130926007199,0,-0.10788921242885485,-0.0014177381083667578
15.58,0.26986479151204534,0.17427495583484698,-0.03871982042002298,-0.19875397089431024,0.17427495583484637,0,-0.19875397089431113,0.17427495583484698,-0.03871982042002298,-0.19875397089431024,0.17427495583484637,0,-0.19875397089431113,-0.002611759487736365
15.6,0.394015725393859,0.25444991515382354,-0.056532847465422253,-0.29019045626063766,0.25444991515382354,0,-0.2901904562606388,0.25444991515382354,-0.056532847465422253,-0.29019045626063766,0.25444991515382354,0,-0.2901904562606388,-0.003813293534512442
15.62,0.5192612050820591,0.33533171641867454,-0.07450289867282456,-0.3824330775284013,0.3353317164186751,0,-0.38243307752840705,0.33533171641867454,-0.07450289867282456,-0.3824330775284013,0.3353317164186751,0,-0.38243307752840705,-0.005025422511472187
15.64,0.6453752994366674,0.4167744571147791,-0.09259758385498501,-0.4753154261408068,0.41677445711477756,0,-0.4753154261408139,0.4167744571147791,-0.09259758385498501,-0.4753154261408068,0.41677445711477756,0,-0.4753154261408139,-0.006245957404283361
15.66,0.7719925954085824,0.4985421583238978,-0.11076446123402,-0.5685683828561658,0.49854215832389603,0,-0.5685683828561698,0.4985421583238978,-0.11076446123402,-0.5685683828561658,0.49854215832389603,0,-0.5685683828561698,-0.007471362892888878
15.68,0.8993718708087093,0.5808019345907844,-0.12904062823174128,-0.6623825497978642,0.5808019345907824,0,-0.6623825497978757,0.5808019345907844,-0.12904062823174128,-0.6623825497978642,0.5808019345907824,0,-0.6623825497978757,-0.008704146315127866
15.7,1.0273646324687304,0.6634578912210711,-0.14740478668557644,-0.7566485593353303,0.6634578912210725,0,-0.7566485593353312,0.6634578912210711,-0.14740478668557644,-0.7566485593353303,0.6634578912210725,0,-0.7566485593353312,-0.009942869872681503
15.72,1.1560462220121477,0.7465586835023457,-0.16586778062663843,-0.8514218853755828,0.7465586835023432,0,-0.8514218853755899,0.7465586835023457,-0.16586778062663843,-0.8514218853755828,0.7465586835023432,0,-0.8514218853755899,-0.011188259593171058
15.74,1.2854671646384148,0.830136940385179,-0.18443688222142696,-0.9467397295355875,0.8301369403851759,0,-0.9467397295356017,0.830136940385179,-0.18443688222142696,-0.9467397295355875,0.8301369403851759,0,-0.9467397295356017,-0.012440802361384439
15.76,1.41558401492571,0.9141646050081307,-0.20310583830626194,-1.0425701030263994,0.914164605008128,0,-1.0425701030264074,0.9141646050081307,-0.20310583830626194,-1.0425701030263994,0.914164605008128,0,-1.0425701030264074,-0.013700079516629368
15.78,1.5462115770535176,0.9985220802020947,-0.2218480557951633,-1.1387766192235125,0.9985220802020947,0,-1.138776619223524,0.9985220802020947,-0.2218480557951633,-1.1387766192235125,0.9985220802020947,0,-1.138776619223524,-0.014964300640082119
15.8,1.6773567528762254,1.0832138230992312,-0.2406645257558261,-1.2353643609663916,1.0832138230992312,0,-1.235364360966388,1.0832138230992312,-0.2406645257558261,-1.2353643609663916,1.0832138230992312,0,-1.235364360966388,-0.016233532456844512
15.82,1.8090609522436525,1.1682665756681039,-0.2595611944115672,-1.332363824351651,1.1682665756680999,0,-1.332363824351667,1.1682665756681039,-0.2595611944115672,-1.332363824351651,1.1682665756680999,0,-1.332363824351667,-0.017508175305187827
15.84,1.9413241751558115,1.2536803379087393,-0.27853806176236184,-1.429775009379295,1.2536803379087282,0,-1.429775009379295,1.2536803379087393,-0.27853806176236184,-1.429775009379295,1.2536803379087282,0,-1.429775009379295,-0.01878822918511207
15.86,2.0741464216127037,1.339455109821115,-0.2975951278082307,-1.5275979160493414,1.339455109821103,0,-1.5275979160493574,1.339455109821115,-0.2975951278082307,-1.5275979160493414,1.339455109821103,0,-1.5275979160493574,-0.02007369409661735
15.88,2.207430635432062,1.4255282134796978,-0.3167184175459987,-1.625761083772133,1.4255282134796858,0,-1.6257610837721632,1.4255282134796978,-0.3167184175459987,-1.625761083772133,1.4255282134796858,0,-1.6257610837721632,-0.021363635035871593
15.9,2.3407579358804207,1.5116291398369635,-0.33584761684168996,-1.7239560987659903,1.5116291398369657,0,-1.7239560987660205,1.5116291398369635,-0.33584761684168996,-1.7239560987659903,1.5116291398369657,0,-1.7239560987660205,-0.022654016658791312
15.92,2.474467951152218,1.5979772174320495,-0.355031628351286,-1.8224330227009347,1.5979772174320512,0,-1.8224330227009649,1.5979772174320495,-0.355031628351286,-1.8224330227009347,1.5979772174320512,0,-1.8224330227009649,-0.02394811081942663
15.94,2.6085606812476048,1.6845724462649825,-0.3742704520748148,-1.9211918555770104,1.6845724462649772,0,-1.9211918555770264,1.6845724462649825,-0.3742704520748148,-1.9211918555770104,1.6845724462649772,0,-1.9211918555770264,-0.02524591751777755
15.96,2.743036126166597,1.7714148263357155,-0.39356408801225173,-2.02023259739415,1.7714148263357172,0,-2.0202325973941573,1.7714148263357155,-0.39356408801225173,-2.02023259739415,1.7714148263357172,0,-2.0202325973941573,-0.026547436753844182
15.98,2.8778942859093624,1.8585043576442777,-0.4129125361636119,-2.1195552481523965,1.8585043576442715,0,-2.1195552481523894,1.8585043576442777,-0.4129125361636119,-2.1195552481523965,1.8585043576442715,0,-2.1195552481523894,-0.027852668527626304
16.0,3.012595082349887,1.9454922670784178,-0.43223929118902205,-2.218761636768866,1.9454922670784116,0,-2.218761636768896,1.9454922670784178,-0.43223929118902205,-2.218761636768866,1.9454922670784116,0,-2.218761636768896,-0.02915630236266311
16.02,3.1471188853073992,2.032365877806586,-0.45154157235432013,-2.3178372909475122,2.032365877806579,0,-2.3178372909475424,2.032365877806586,-0.45154157235432013,-2.3178372909475122,2.032365877806579,0,-2.3178372909475424,-0.03045814523944332
16.04,3.281743789068144,2.1193047783081402,-0.4708587734005354,-2.4169872349196986,2.119304778308133,0,-2.4169872349197217,2.1193047783081402,-0.4708587734005354,-2.4169872349196986,2.119304778308133,0,-2.4169872349197217,-0.031760931601531636
16.06,3.4164697936333144,2.2063089685830475,-0.49019089432760077,-2.516211468685544,2.2063089685830475,0,-2.516211468685576,2.2063089685830475,-0.49019089432760077,-2.516211468685544,2.2063089685830475,0,-2.516211468685576,-0.03306466144892803
16.08,3.5512968990041984,2.2933784486313566,-0.5095379351355682,-2.6155099922449274,2.2933784486313487,0,-2.6155099922449594,2.2933784486313566,-0.5095379351355682,-2.6155099922449274,2.2933784486313487,0,-2.6155099922449594,-0.034369334781632746
16.1,3.685925707799444,2.3803198720458996,-0.528856752518849,-2.714662377203304,2.3803198720458916,0,-2.71466237720335,2.3803198720458996,-0.528856752518849,-2.714662377203304,2.3803198720458916,0,-2.71466237720335,-0.03567206959429677
16.12,3.8146669122356496,2.463459167710691,-0.5473273304786441,-2.809480002170318,2.4634591677106963,0,-2.809480002170325,2.463459167710691,-0.5473273304786441,-2.809480002170318,2.4634591677106963,0,-2.809480002170325,-0.036918116063429075
16.14,3.9434081166726864,2.546598463375524,-0.5657979084383786,-2.9042976271372716,2.5465984633755294,0,-2.904297627137275,2.546598463375524,-0.5657979084383786,-2.9042976271372716,2.5465984633755294,0,-2.904297627137275,-0.03816416253256137
16.16,4.072149321110496,2.629737759040313,-0.5842684863981948,-2.9991152521042537,2.629737759040318,0,-2.9991152521043283,2.629737759040313,-0.5842684863981948,-2.9991152521042537,2.629737759040318,0,-2.9991152521043283,-0.03941020900169367
16.18,4.200890525549033,2.7128770547051335,-0.6027390643579369,-3.093932877071257,2.7128770547051237,0,-3.0939328770712855,2.7128770547051335,-0.6027390643579369,-3.093932877071257,2.7128770547051237,0,-3.0939328770712855,-0.04065625547082597
16.2,4.329631729988206,2.7960163503699356,-0.6212096423177251,-3.1887505020382747,2.796016350369941,0,-3.1887505020383067,2.7960163503699356,-0.6212096423177251,-3.1887505020382747,2.796016350369941,0,-3.1887505020383067,-0.04190230193995828
16.22,4.458372934427982,2.8791556460347403,-0.6396802202774916,-3.2835681270053136,2.8791556460347163,0,-3.283568127005303,2.8791556460347403,-0.6396802202774916,-3.2835681270053136,2.8791556460347163,0,-3.283568127005303,-0.04314834840909057
16.24,4.58711413886825,2.9622949416995565,-0.6581507982372492,-3.378385751972292,2.962294941699561,0,-3.378385751972324,2.9622949416995565,-0.6581507982372492,-3.378385751972292,2.962294941699561,0,-3.378385751972324,-0.04439439487822308
16.26,4.7158553433090145,3.0454342373643755,-0.676621376197009,-3.473203376939285,3.045434237364365,0,-3.473203376939285,3.0454342373643755,-0.676621376197009,-3.473203376939285,3.045434237364365,0,-3.473203376939285,-0.045640441347355384
16.28,4.844596547750194,3.1285735330291633,-0.6950919541567186,-3.5680210019062493,3.1285735330291367,0,-3.5680210019063097,3.1285735330291633,-0.6950919541567186,-3.5680210019062493,3.1285735330291367,0,-3.5680210019063097,-0.04688648781648768
16.3,4.973337752191815,3.2117128286939547,-0.7135625321164851,-3.662838626873242,3.2117128286939582,0,-3.6628386268732456,3.2117128286939547,-0.7135625321164851,-3.662838626873242,3.2117128286939582,0,-3.6628386268732456,-0.048132534285619984
16.32,5.10207895663386,3.2948521243587887,-0.7320331100762876,-3.7576562518402454,3.2948521243587763,0,-3.7576562518403165,3.2948521243587887,-0.7320331100762876,-3.7576562518402454,3.2948521243587763,0,-3.7576562518403165,-0.04937858075475228
16.34,5.221688834569473,3.3720945312447057,-0.7491946441273365,-3.845748254178705,3.372094531244695,0,-3.8457482541787655,3.3720945312447057,-0.7491946441273365,-3.845748254178705,3.372094531244695,0,-3.8457482541787655,-0.05053616242132225
16.36,5.340339939537478,3.448717775345189,-0.7662187309068913,-3.9331340781583037,3.448717775345191,0,-3.93313407815835,3.448717775345189,-0.7662187309068913,-3.9331340781583037,3.448717775345191,0,-3.93313407815835,-0.051684455441689155
16.38,5.458991044505579,3.525341019445717,-0.7832428176863906,-4.020519902137924,3.5253410194457047,0,-4.020519902137984,3.525341019445717,-0.7832428176863906,-4.020519902137924,3.5253410194457047,0,-4.020519902137984,-0.05283274846205603
16.4,5.577642149473691,3.6019642635462166,-0.8002669044660311,-4.1079057261175045,3.601964263546204,0,-4.107905726117508,3.6019642635462166,-0.8002669044660311,-4.1079057261175045,3.601964263546204,0,-4.107905726117508,-0.05398104148242293
16.42,5.6962932544418265,3.6785875076467374,-0.8172909912455979,-4.195291550097046,3.678587507646725,0,-4.195291550097107,3.6785875076467374,-0.8172909912455979,-4.195291550097046,3.678587507646725,0,-4.195291550097107,-0.055129334502790034
16.44,5.81494435941007,3.755210751747237,-0.8343150780251962,-4.282677374076712,3.755210751747237,0,-4.2826773740766875,3.755210751747237,-0.8343150780251962,-4.282677374076712,3.755210751747237,0,-4.2826773740766875,-0.056277627523156924
16.46,5.933595464378277,3.8318339958477203,-0.8513391648047093,-4.370063198056304,3.8318339958477097,0,-4.37006319805635,3.8318339958477203,-0.8513391648047093,-4.370063198056304,3.8318339958477097,0,-4.37006319805635,-0.057425920543523815
16.48,6.052246569346479,3.908457239948204,-0.8683632515842645,-4.457449022035846,3.9084572399482056,0,-4.457449022035878,3.908457239948204,-0.8683632515842645,-4.457449022035846,3.9084572399482056,0,-4.457449022035878,-0.058574213563890705
16.5,6.17064820719083,3.9849193816514266,-0.8853515313752811,-4.544651120454528,3.9849193816514266,0,-4.544651120454574,3.9849193816514266,-0.8853515313752811,-4.544651120454528,3.9849193816514266,0,-4.544651120454574,-0.05972009338601688
16.52,6.277225476361132,4.053745510601775,-0.900642613447856,-4.623144901990887,4.053745510601775,0,-4.623144901990948,4.053745510601775,-0.900642613447856,-4.623144901990887,4.053745510601775,0,-4.623144901990948,-0.06075159121972698
16.54,6.3838027455314865,4.122571639552106,-0.9159336955204171,-4.701638683527275,4.122571639552092,0,-4.701638683527321,4.122571639552106,-0.9159336955204171,-4.701638683527275,4.122571639552092,0,-4.701638683527321,-0.061783089053437046
16.56,6.490380014701929,4.191397768502469,-0.9312247775929641,-4.780132465063662,4.191397768502469,0,-4.780132465063666,4.191397768502469,-0.9312247775929641,-4.780132465063662,4.191397768502469,0,-4.780132465063666,-0.06281458688714715
16.58,6.596957283872384,4.260223897452795,-0.9465158596654506,-4.858626246600057,4.260223897452795,0,-4.858626246600117,4.260223897452795,-0.9465158596654506,-4.858626246600057,4.260223897452795,0,-4.858626246600117,-0.06384608472085741
16.6,6.703534553042919,4.3290500264031575,-0.9618069417380544,-4.937120028136427,4.3290500264031575,0,-4.937120028136519,4.3290500264031575,-0.9618069417380544,-4.937120028136427,4.3290500264031575,0,-4.937120028136519,-0.06487758255456749
16.62,6.810111822213452,4.397876155353504,-0.9770980238105582,-5.015613809672757,4.39787615535349,0,-5.01561380967275,4.397876155353504,-0.9770980238105582,-5.015613809672757,4.39787615535349,0,-5.01561380967275,-0.0659090803882776
16.64,6.916689091384109,4.4667022843038655,-0.9923891058830767,-5.094107591209209,4.4667022843038655,0,-5.094107591209209,4.4667022843038655,-0.9923891058830767,-5.094107591209209,4.4667022843038655,0,-5.094107591209209,-0.06694057822198768
16.66,7.02292585817182,4.53530852141262,-1.00763144512951,-5.172350548682651,4.535308521412633,0,-5.172350548682708,4.53530852141262,-1.00763144512951,-5.172350548682651,4.535308521412633,0,-5.172350548682708,-0.06796877127911305
16.68,7.115760145635635,4.595259618325386,-1.0209552230004668,-5.240720845974856,4.59525961832537,0,-5.2407208459748915,4.595259618325386,-1.0209552230004668,-5.240720845974856,4.59525961832537,0,-5.2407208459748915,-0.06886688536444913
16.7,7.208594433105016,4.655210715238095,-1.0342790008713107,-5.309091143267111,4.655210715238079,0,-5.309091143267231,4.655210715238095,-1.0342790008713107,-5.309091143267111,4.655210715238079,0,-5.309091143267231,-0.06976499944978519
16.72,7.301428720579824,4.715161812150887,-1.0476027787422812,-5.377461440559372,4.715161812150871,0,-5.377461440559493,4.715161812150887,-1.0476027787422812,-5.377461440559372,4.715161812150871,0,-5.377461440559493,-0.07066311353512122
16.74,7.394263008059821,4.775112909063646,-1.0609265566131914,-5.445831737851677,4.77511290906363,0,-5.445831737851698,4.775112909063646,-1.0609265566131914,-5.445831737851677,4.77511290906363,0,-5.445831737851698,-0.07156122762045744
16.76,7.487097295544675,4.8350640059763546,-1.0742503344841126,-5.514202035143867,4.835064005976339,0,-5.51420203514396,4.8350640059763546,-1.0742503344841126,-5.514202035143867,4.835064005976339,0,-5.51420203514396,-0.07245934170579349
16.78,7.57993158303442,4.8950151028891185,-1.0875741123550124,-5.5825723324361505,4.8950151028891025,0,-5.582572332436243,4.8950151028891185,-1.0875741123550124,-5.5825723324361505,4.8950151028891025,0,-5.582572332436243,-0.07335745579112954
16.8,7.672765870528693,4.9549661998018575,-1.1008978902259194,-5.650942629728334,4.9549661998018415,0,-5.6509426297283625,4.9549661998018575,-1.1008978902259194,-5.650942629728334,4.9549661998018415,0,-5.6509426297283625,-0.07425556987646559
16.82,7.765228485949738,5.014677276210817,-1.114168125538808,-5.719039280879777,5.014677276210827,0,-5.719039280879834,5.014677276210817,-1.114168125538808,-5.719039280879777,5.014677276210827,0,-5.719039280879834,-0.07515010497823776
16.84,7.8451981936714,5.066320611782068,-1.125638650096218,-5.777937942228206,5.066320611782052,0,-5.777937942228327,5.066320611782068,-1.125638650096218,-5.777937942228206,5.066320611782052,0,-5.777937942228327,-0.07592434072474508
16.86,7.9251679013971135,5.117963947353315,-1.137109174653692,-5.8368366035767565,5.117963947353328,0,-5.836836603576764,5.117963947353315,-1.137109174653692,-5.8368366035767565,5.117963947353328,0,-5.836836603576764,-0.07669857647125239
16.88,8.00513760912669,5.169607282924595,-1.1485796992111377,-5.895735264925278,5.169607282924606,0,-5.89573526492525,5.169607282924595,-1.1485796992111377,-5.895735264925278,5.169607282924606,0,-5.89573526492525,-0.0774728122177597
16.9,8.085107316859917,5.221250618495901,-1.1600502237684838,-5.954633926273708,5.221250618495855,0,-5.954633926273743,5.221250618495901,-1.1600502237684838,-5.954633926273708,5.221250618495855,0,-5.954633926273743,-0.078247047964267
16.92,8.165077024596812,5.272893954067138,-1.171520748325979,-6.013532587622215,5.27289395406712,0,-6.013532587622336,5.272893954067138,-1.171520748325979,-6.013532587622215,5.27289395406712,0,-6.013532587622336,-0.07902128371077444
16.94,8.245046732337222,5.324537289638393,-1.182991272883383,-6.072431248970702,5.324537289638403,0,-6.0724312489708225,5.324537289638393,-1.182991272883383,-6.072431248970702,5.324537289638403,0,-6.0724312489708225,-0.07979551945728174
16.96,8.3250164400811,5.376180625209665,-1.1944617974407779,-6.131329910319259,5.376180625209619,0,-6.131329910319316,5.376180625209665,-1.1944617974407779,-6.131329910319259,5.376180625209619,0,-6.131329910319316,-0.08056975520378905
16.98,8.39451224230074,5.421060054773159,-1.2044325590204226,-6.182513359218866,5.421060054773113,0,-6.182513359218923,5.421060054773159,-1.2044325590204226,-6.182513359218866,5.421060054773113,0,-6.182513359218923,-0.08124237110289102
17.0,8.461902107281745,5.464579498655638,-1.2141017705531034,-6.23214554787841,5.464579498655649,0,-6.232145547878588,5.464579498655638,-1.2141017705531034,-6.23214554787841,5.464579498655649,0,-6.232145547878588,-0.08189455479355964
17.02,8.529291972262971,5.508098942538176,-1.2237709820857336,-6.281777736538196,5.508098942538156,0,-6.2817777365383165,5.508098942538176,-1.2237709820857336,-6.281777736538196,5.508098942538156,0,-6.2817777365383165,-0.08254673848422824
17.04,8.596681837244077,5.551618386420682,-1.2334401936183275,-6.331409925197839,5.5516183864206905,0,-6.331409925197931,5.551618386420682,-1.2334401936183275,-6.331409925197839,5.5516183864206905,0,-6.331409925197931,-0.08319892217489686
17.06,8.664071702225266,5.5951378303032175,-1.243109405150915,-6.381042113857539,5.59513783030317,0,-6.381042113857603,5.5951378303032175,-1.243109405150915,-6.381042113857539,5.59513783030317,0,-6.381042113857603,-0.08385110586556546
17.08,8.731461567206505,5.638657274185679,-1.2527786166835666,-6.4306743025173745,5.638657274185688,0,-6.430674302517438,5.638657274185679,-1.2527786166835666,-6.4306743025173745,5.638657274185688,0,-6.430674302517438,-0.08450328955623418
17.1,8.798851432187686,5.682176718068215,-1.2624478282163532,-6.480306491176989,5.682176718068195,0,-6.48030649117711,5.682176718068215,-1.2624478282163532,-6.480306491176989,5.682176718068195,0,-6.48030649117711,-0.08515547324690279
17.12,8.858796325185173,5.720888301241617,-1.2710493724234402,-6.524455282197508,5.720888301241597,0,-6.524455282197543,5.720888301241617,-1.2710493724234402,-6.524455282197508,5.720888301241597,0,-6.524455282197543,-0.08573556016360986
17.14,8.914485732581213,5.7568517502289165,-1.2790406466469832,-6.5654698076019145,5.756851750228897,0,-6.565469807601808,5.7568517502289165,-1.2790406466469832,-6.5654698076019145,5.756851750228897,0,-6.565469807601808,-0.0862744371490771
17.16,8.970175139977325,5.792815199216159,-1.2870319208704686,-6.6064843330060725,5.792815199216168,0,-6.6064843330061365,5.792815199216159,-1.2870319208704686,-6.6064843330060725,5.792815199216168,0,-6.6064843330061365,-0.08681331413454434
17.18,9.025864547374002,5.828778648203512,-1.2950231950939548,-6.647498858410572,5.828778648203521,0,-6.647498858410515,5.828778648203512,-1.2950231950939548,-6.647498858410572,5.828778648203521,0,-6.647498858410515,-0.08735219112001157
17.2,9.08155395477076,5.86474209719087,-1.3030144693174828,-6.6885133838147866,5.864742097190879,0,-6.6885133838147866,5.86474209719087,-1.3030144693174828,-6.6885133838147866,5.864742097190879,0,-6.6885133838147866,-0.08789106810547878
17.22,9.137243362167798,5.9007055461781714,-1.311005743540898,-6.729527909219108,5.900705546178152,0,-6.729527909219222,5.9007055461781714,-1.311005743540898,-6.729527909219108,5.900705546178152,0,-6.729527909219222,-0.08842994509094601
17.24,9.192932769565083,5.93666899516543,-1.3189970177644321,-6.770542434623408,5.936668995165382,0,-6.770542434623437,5.93666899516543,-1.3189970177644321,-6.770542434623408,5.936668995165382,0,-6.770542434623437,-0.08896882207641335
17.26,9.24674990259615,5.9714233553567695,-1.3267195207491858,-6.810178097344107,5.971423355356777,0,-6.810178097344227,5.9714233553567695,-1.3267195207491858,-6.810178097344107,5.971423355356777,0,-6.810178097344227,-0.08948959086129028
17.28,9.297381738396618,6.004120694813167,-1.3339847636775994,-6.847467903300128,6.004120694813119,0,-6.847467903300249,6.004120694813167,-1.3339847636775994,-6.847467903300128,6.004120694813119,0,-6.847467903300249,-0.08997955219496122
17.3,9.34689911729376,6.036098333471594,-1.3410900225952451,-6.8839369518586295,6.036098333471546,0,-6.883936951858743,6.036098333471594,-1.3410900225952451,-6.8839369518586295,6.036098333471546,0,-6.883936951858743,-0.09045873476163273
17.32,9.395302039287564,6.0673562713320415,-1.3480352975020935,-6.919585243019618,6.06735627133202,0,-6.919585243019796,6.0673562713320415,-1.3480352975020935,-6.919585243019618,6.06735627133202,0,-6.919585243019796,-0.09092713856130481
17.34,9.442590504378167,6.097894508394708,-1.3548205883982165,-6.954412776783187,6.097894508394715,0,-6.954412776783279,6.097894508394708,-1.3548205883982165,-6.954412776783187,6.097894508394715,0,-6.954412776783279,-0.0913847635939775
17.36,9.48876451256513,6.12771304465932,-1.361445895283401,-6.988419553148944,6.1277130446592984,0,-6.988419553148894,6.12771304465932,-1.361445895283401,-6.988419553148944,6.1277130446592984,0,-6.988419553148894,-0.0918316098596508
17.38,9.533824063848758,6.156811880126119,-1.3679112181580448,-7.02160557211711,6.156811880126098,0,-7.021605572117174,6.156811880126119,-1.3679112181580448,-7.02160557211711,6.156811880126098,0,-7.021605572117174,-0.09226767735832465
17.4,9.577769158228811,6.185191014794928,-1.3742165570215832,-7.053970833687664,6.185191014794906,0,-7.053970833687785,6.185191014794928,-1.3742165570215832,-7.053970833687664,6.185191014794906,0,-7.053970833687785,-0.09269296608999919
17.42,9.620599795705552,6.212850448665922,-1.3803619118745205,-7.085515337860649,6.2128504486659,0,-7.085515337860741,6.212850448665922,-1.3803619118745205,-7.085515337860649,6.2128504486659,0,-7.085515337860741,-0.09310747605467423
17.44,9.662315976278784,6.239790181738906,-1.3863472827167733,-7.116239084636028,6.2397901817388846,0,-7.116239084636092,6.239790181738906,-1.3863472827167733,-7.116239084636028,6.2397901817388846,0,-7.116239084636092,-0.09351120725234988
17.46,9.702917699948614,6.266010214013974,-1.3921726695481738,-7.146142074013902,6.266010214013924,0,-7.146142074013966,6.266010214013974,-1.3921726695481738,-7.146142074013902,6.266010214013924,0,-7.146142074013966,-0.0939041596830261
17.48,9.742404966714894,6.29151054549104,-1.397838072368792,-7.175224305994092,6.291510545491047,0,-7.175224305994156,6.29151054549104,-1.397838072368792,-7.175224305994092,6.291510545491047,0,-7.175224305994156,-0.0942863333467029
17.5,9.780777776577928,6.3162911761703775,-1.40334349117877,-7.20348578057672,6.316291176170356,0,-7.203485780576834,6.3162911761703775,-1.40334349117877,-7.20348578057672,6.316291176170356,0,-7.203485780576834,-0.09465772824338033
17.52,9.81803612953741,6.340352106051661,-1.4086889259777946,-7.2309264977617715,6.340352106051668,0,-7.230926497761949,6.340352106051661,-1.4086889259777946,-7.2309264977617715,6.340352106051668,0,-7.230926497761949,-0.09501834437305831
17.54,9.85417348921897,6.363689114052804,-1.413873449548909,-7.257541639161843,6.363689114052782,0,-7.257541639161843,6.363689114052804,-1.413873449548909,-7.257541639161843,6.363689114052782,0,-7.257541639161843,-0.0953681175785276
17.56,9.889055049832496,6.386215144831095,-1.4188779390230755,-7.283231830649832,6.386215144831102,0,-7.283231830649925,6.386215144831095,-1.4188779390230755,-7.283231830649832,6.386215144831102,0,-7.283231830649925,-0.09570572468542518
17.58,9.922803056926872,6.408009142533796,-1.4237197355369693,-7.308087187381098,6.408009142533803,0,-7.308087187381133,6.408009142533796,-1.4237197355369693,-7.308087187381098,6.408009142533803,0,-7.308087187381133,-0.09603236558417108
17.6,9.955417510501817,6.4290711071608335,-1.4283988390902538,-7.3321077093554194,6.4290711071608655,0,-7.332107709355448,6.4290711071608335,-1.4283988390902538,-7.3321077093554194,6.4290711071608655,0,-7.332107709355448,-0.09634804027476516
17.62,9.986898410557563,6.449401038712235,-1.432915249683302,-7.355293396572989,6.44940103871221,0,-7.355293396572996,6.449401038712235,-1.432915249683302,-7.355293396572989,6.44940103871221,0,-7.355293396572996,-0.0966527487572075
17.64,10.017245757094035,6.468998937188008,-1.4372689673160863,-7.377644249033629,6.468998937187987,0,-7.377644249033779,6.468998937188008,-1.4372689673160863,-7.377644249033629,6.468998937187987,0,-7.377644249033779,-0.09694649103149809
17.66,10.046459550111077,6.487864802588007,-1.4414599919883795,-7.399160266737333,6.4878648025879855,0,-7.39916026673739,6.487864802588007,-1.4414599919883795,-7.399160266737333,6.4878648025879855,0,-7.39916026673739,-0.09722926709763693
17.68,10.074539789609126,6.505998634912526,-1.445488323700494,-7.419841449684313,6.505998634912505,0,-7.419841449684405,6.505998634912526,-1.445488323700494,-7.419841449684313,6.505998634912505,0,-7.419841449684405,-0.09750107695562402
17.7,10.10148647558789,6.5234004341612355,-1.4493539624521592,-7.439687797874484,6.523400434161239,0,-7.439687797874548,6.5234004341612355,-1.4493539624521592,-7.439687797874484,6.523400434161239,0,-7.439687797874548,-0.09776192060545934
17.72,10.127299608047236,6.54007020033432,-1.4530569082433757,-7.458699311307484,6.540070200334323,0,-7.458699311307576,6.54007020033432,-1.4530569082433757,-7.458699311307484,6.540070200334323,0,-7.458699311307576,-0.09801179804714294
17.74,10.151979186987633,6.556007933431811,-1.4565971610744457,-7.4768759899838315,6.556007933431818,0,-7.476875989983924,6.556007933431811,-1.4565971610744457,-7.4768759899838315,6.556007933431818,0,-7.476875989983924,-0.09825070928067478
17.76,10.175525212408917,6.571213633453652,-1.4599747209449907,-7.49421783390342,6.571213633453631,0,-7.494217833903484,6.571213633453652,-1.4599747209449907,-7.49421783390342,6.571213633453631,0,-7.494217833903484,-0.09847865430605486
17.78,10.197937684311082,6.585687300399783,-1.463189587855143,-7.510724843066193,6.5856873003997904,0,-7.510724843066278,6.585687300399783,-1.463189587855143,-7.510724843066193,6.5856873003997904,0,-7.510724843066278,-0.0986956331232832
17.8,10.219216602694132,6.599428934270318,-1.4662417618051053,-7.526397017471979,6.599428934270293,0,-7.526397017472014,6.599428934270318,-1.4662417618051053,-7.526397017471979,6.599428934270293,0,-7.526397017472014,-0.09890164573235977
17.82,10.23936196755806,6.612438535065131,-1.4691312427947159,-7.541234357120871,6.612438535065166,0,-7.5412343571209846,6.612438535065131,-1.4691312427947159,-7.541234357120871,6.612438535065166,0,-7.5412343571209846,-0.0990966921332846
17.84,10.260073689244866,6.6258138799816315,-1.4721020801100613,-7.556488777519078,6.625813879981582,0,-7.556488777519199,6.6258138799816315,-1.4721020801100613,-7.556488777519078,6.625813879981582,0,-7.556488777519199,-0.09929721209325773
17.86,10.280833462498862,6.639220255078232,-1.4750798627514836,-7.571778567719598,6.639220255078207,0,-7.571778567719662,6.639220255078232,-1.4750798627514836,-7.571778567719598,6.639220255078207,0,-7.571778567719662,-0.09949819310219014
17.88,10.30080472802182,6.652117422614538,-1.4779444892678217,-7.586487635490144,6.652117422614516,0,-7.586487635490229,6.652117422614538,-1.4779444892678217,-7.586487635490144,6.652117422614516,0,-7.586487635490229,-0.09969154482744672
17.9,10.319987485813563,6.664505382590562,-1.4806959596588385,-7.600615980830469,6.664505382590537,0,-7.600615980830533,6.664505382590562,-1.4806959596588385,-7.600615980830469,6.664505382590537,0,-7.600615980830533,-0.09987726726902742
17.92,10.33838173587423,6.676384135006305,-1.4833342739246547,-7.614163603740735,6.676384135006252,0,-7.6141636037406855,6.676384135006305,-1.4833342739246547,-7.614163603740735,6.676384135006252,0,-7.6141636037406855,-0.10005536042693229
17.94,10.355987478203572,6.687753679861732,-1.4858594320650882,-7.627130504220652,6.687753679861736,0,-7.627130504220709,6.687753679861732,-1.4858594320650882,-7.627130504220652,6.687753679861736,0,-7.627130504220709,-0.10022582430116132
17.96,10.372804712801951,6.698614017156892,-1.4882714340802394,-7.63951668227061,6.698614017156871,0,-7.639516682270674,6.698614017156892,-1.4882714340802394,-7.63951668227061,6.698614017156871,0,-7.639516682270674,-0.10038865889171446
17.98,10.388833439669176,6.708965146891721,-1.4905702799701634,-7.651322137890425,6.7089651468917,0,-7.651322137890517,6.708965146891721,-1.4905702799701634,-7.651322137890425,6.7089651468917,0,-7.651322137890517,-0.10054386419859176
18.0,10.404073658805368,6.718807069066237,-1.4927559697346489,-7.662546871080288,6.718807069066216,0,-7.662546871080295,6.718807069066237,-1.4927559697346489,-7.662546871080288,6.718807069066216,0,-7.662546871080295,-0.10069144022179322
18.02,10.418525370210322,6.728139783680522,-1.4948285033738529,-7.673190881839702,6.7281397836805255,0,-7.673190881839936,6.728139783680522,-1.4948285033738529,-7.673190881839702,6.7281397836805255,0,-7.673190881839936,-0.10083138696131883
18.04,10.432188573884371,6.736963290734483,-1.496787880888002,-7.683254170169164,6.736963290734458,0,-7.683254170169228,6.736963290734483,-1.496787880888002,-7.683254170169164,6.736963290734458,0,-7.683254170169228,-0.10096370441716858
18.06,10.445063269827315,6.745277590228113,-1.4986341022766672,-7.6927367360685395,6.745277590228092,0,-7.692736736068632,6.745277590228113,-1.4986341022766672,-7.6927367360685395,6.745277590228092,0,-7.692736736068632,-0.10108839258934249
18.08,10.457149458039218,6.75308268216148,-1.5003671675400225,-7.701638579537736,6.753082682161487,0,-7.701638579537914,6.75308268216148,-1.5003671675400225,-7.701638579537736,6.753082682161487,0,-7.701638579537914,-0.10120545147784057
18.1,10.468447138520187,6.7603785665345235,-1.5019870766781365,-7.7099597005769525,6.760378566534531,0,-7.70995970057696,6.7603785665345235,-1.5019870766781365,-7.7099597005769525,6.760378566534531,0,-7.70995970057696,-0.10131488108266277
18.12,10.478956311270043,6.767165243347307,-1.5034938296909246,-7.717700099185883,6.767165243347282,0,-7.71770009918589,6.767165243347307,-1.5034938296909246,-7.717700099185883,6.767165243347282,0,-7.71770009918589,-0.10141668140380912
18.14,10.488676976288911,6.773442712599824,-1.5048874265784038,-7.724859775364678,6.773442712599799,0,-7.724859775364735,6.773442712599824,-1.5048874265784038,-7.724859775364678,6.773442712599799,0,-7.724859775364735,-0.10151085244127962
18.16,10.497609133576908,6.77921097429196,-1.5061678673406407,-7.731438729113528,6.779210974291935,0,-7.731438729113478,6.77921097429196,-1.5061678673406407,-7.731438729113528,6.779210974291935,0,-7.731438729113478,-0.10159739419507427
18.18,10.505752783133874,6.784470028423829,-1.5073351519775393,-7.737436960432163,6.784470028423808,0,-7.737436960432198,6.784470028423829,-1.5073351519775393,-7.737436960432163,6.784470028423808,0,-7.737436960432198,-0.10167630666519306
18.2,10.51310792495989,6.789219874995403,-1.5083892804893102,-7.742854469320569,6.789219874995382,0,-7.742854469320683,6.789219874995403,-1.5083892804893102,-7.742854469320569,6.789219874995382,0,-7.742854469320683,-0.10174758985163602
18.22,10.520177953227098,6.793785599385064,-1.5094027910723868,-7.748061874298571,6.793785599385039,0,-7.7480618742986636,6.793785599385064,-1.5094027910723868,-7.748061874298571,6.793785599385039,0,-7.7480618742986636,-0.10181608923970038
18.24,10.528850691496233,6.799386333379658,-1.5106477157144464,-7.7544490650634685,6.799386333379662,0,-7.754449065063561,6.799386333379658,-1.5106477157144464,-7.7544490650634685,6.799386333379662,0,-7.754449065063561,-0.1018999763176869
18.26,10.537012726543189,6.804657262335564,-1.5118195153626068,-7.760460063966072,6.804657262335542,0,-7.760460063966164,6.804657262335564,-1.5118195153626068,-7.760460063966072,6.804657262335542,0,-7.760460063966164,-0.10197890815499773
18.28,10.544664058367594,6.809598386252713,-1.5129181900165412,-7.76609487100594,6.809598386252716,0,-7.766094871006004,6.809598386252713,-1.5129181900165412,-7.76609487100594,6.809598386252716,0,-7.766094871006004,-0.10205288475163289
18.3,10.551804686969827,6.814209705131052,-1.513943739676293,-7.771353486183543,6.814209705131031,0,-7.77135348618355,6.814209705131052,-1.513943739676293,-7.771353486183543,6.814209705131031,0,-7.77135348618355,-0.10212190610759235
18.32,10.558434612349782,6.818491218970696,-1.514896164341792,-7.77623590949846,6.818491218970674,0,-7.776235909498553,6.818491218970696,-1.514896164341792,-7.77623590949846,6.818491218970674,0,-7.776235909498553,-0.10218597222287616
18.34,10.564553834507645,6.822442927771569,-1.5157754640133643,-7.780742140950771,6.822442927771576,0,-7.7807421409508635,6.822442927771569,-1.5157754640133643,-7.780742140950771,6.822442927771576,0,-7.7807421409508635,-0.10224508309748427
18.36,10.570162353443555,6.826064831533646,-1.5165816386907105,-7.784872180540667,6.826064831533621,0,-7.784872180540809,6.826064831533646,-1.5165816386907105,-7.784872180540667,6.826064831533621,0,-7.784872180540809,-0.1022992387314167
18.38,10.57526016915784,6.8293569302569495,-1.5173146883739301,-7.7886260282682045,6.829356930256925,0,-7.788626028268297,6.8293569302569495,-1.5173146883739301,-7.7886260282682045,6.829356930256925,0,-7.788626028268297,-0.10234843912467348
18.4,10.579847281650451,6.832319223941525,-1.5179746130631253,-7.792003684133114,6.832319223941475,0,-7.792003684133114,6.832319223941525,-1.5179746130631253,-7.792003684133114,6.832319223941475,0,-7.792003684133114,-0.10239268427725459
18.42,10.58392369092149,6.834951712587362,-1.5185614127581655,-7.79500514813536,6.8349517125873405,0,-7.795005148135417,6.834951712587362,-1.5185614127581655,-7.79500514813536,6.8349517125873405,0,-7.795005148135417,-0.10243197418916
18.44,10.587489396971408,6.8372543961944245,-1.51907508745915,-7.797630420275247,6.837254396194428,0,-7.797630420275254,6.8372543961944245,-1.51907508745915,-7.797630420275247,6.837254396194428,0,-7.797630420275254,-0.10246630886038975
18.46,10.59054439980032,6.839227274762752,-1.5195156371658252,-7.799879500552713,6.839227274762731,0,-7.79987950055277,6.839227274762752,-1.5195156371658252,-7.799879500552713,6.839227274762731,0,-7.79987950055277,-0.10249568829094378
18.48,10.593088699408352,6.840870348292313,-1.5198830618785157,-7.801752388967543,6.840870348292292,0,-7.80175238896755,6.840870348292313,-1.5198830618785157,-7.801752388967543,6.840870348292292,0,-7.80175238896755,-0.10252011248082218
18.5,10.595122295795736,6.842183616783053,-1.520177361597053,-7.80324908551983,6.8421836167830286,0,-7.803249085519951,6.842183616783053,-1.520177361597053,-7.80324908551983,6.8421836167830286,0,-7.803249085519951,-0.1025395814300249
18.52,10.596645188962924,6.843167080235105,-1.5203985363214922,-7.804369590209717,6.84316708023508,0,-7.804369590209838,6.843167080235105,-1.5203985363214922,-7.804369590209717,6.84316708023508,0,-7.804369590209838,-0.10255409513855192
18.54,10.597657378910007,6.8438207386484,-1.520546586051763,-7.805113903037032,6.843820738648404,0,-7.805113903037068,6.8438207386484,-1.520546586051763,-7.805113903037032,6.843820738648404,0,-7.805113903037068,-0.10256365360640328
18.56,10.598158865637302,6.844144592022914,-1.5206215107878647,-7.80548202400189,6.844144592022921,0,-7.805482024002011,6.844144592022914,-1.5206215107878647,-7.80548202400189,6.844144592022921,0,-7.805482024002011,-0.10256825683357895
18.58,10.598149649145148,6.844138640358665,-1.5206233105299543,-7.805473953104219,6.84413864035864,0,-7.8054739531041974,6.844138640358665,-1.5206233105299543,-7.805473953104219,6.84413864035864,0,-7.8054739531041974,-0.10256790482007895
18.6,10.597629729433752,6.843802883655659,-1.520551985277777,-7.805089690343969,6.843802883655663,0,-7.805089690344005,6.843802883655659,-1.520551985277777,-7.805089690343969,6.843802883655663,0,-7.805089690344005,-0.10256259756590329
18.62,10.598300721795775,6.844236201267034,-1.5206496553343483,-7.8055832986479246,6.844236201267009,0,-7.805583298647932,6.844236201267034,-1.5206496553343483,-7.8055832986479246,6.844236201267009,0,-7.805583298647932,-0.10256897386671117
18.64,10.59934512538095,6.844910662580208,-1.5207999997228203,-7.8063522931236875,6.844910662580212,0,-7.806352293123808,6.844910662580208,-1.5207999997228203,-7.8063522931236875,6.844910662580212,0,-7.806352293123808,-0.1025790400063969
18.66,10.600114983270789,6.845407826081505,-1.5209108216192098,-7.806919140010862,6.845407826081484,0,-7.806919140010926,6.845407826081505,-1.5209108216192098,-7.806919140010862,6.845407826081484,0,-7.806919140010926,-0.10258646010939447
18.68,10.600610295465378,6.84572769177079,-1.5209821210238612,-7.807283839309598,6.845727691770769,0,-7.807283839309662,6.84572769177079,-1.5209821210238612,-7.807283839309598,6.845727691770769,0,-7.807283839309662,-0.10259123417570389
18.7,10.600831061964856,6.845870259648201,-1.5210138979367027,-7.8074463910200365,6.845870259648176,0,-7.807446391020129,6.845870259648201,-1.5210138979367027,-7.8074463910200365,6.845870259648176,0,-7.807446391020129,-0.10259336220532513
18.72,10.600777282768956,6.845835529713714,-1.5210061523575353,-7.807406795141851,6.845835529713689,0,-7.807406795141944,6.845835529713714,-1.5210061523575353,-7.807406795141851,6.845835529713689,0,-7.807406795141944,-0.10259284419825823
18.74,10.600448957877754,6.845623501967324,-1.520958884286542,-7.807165051675142,6.8456235019672995,0,-7.807165051675263,6.845623501967324,-1.520958884286542,-7.807165051675142,6.8456235019672995,0,-7.807165051675263,-0.10258968015450318
18.76,10.599846087291239,6.845234176408983,-1.5208720937236704,-7.806721160619901,6.845234176408987,0,-7.806721160619965,6.845234176408983,-1.5208720937236704,-7.806721160619901,6.845234176408987,0,-7.806721160619965,-0.10258387007405997
18.78,10.598968671009683,6.844667553038764,-1.52074578066886,-7.806075121976406,6.8446675530387395,0,-7.806075121976463,6.844667553038764,-1.52074578066886,-7.806075121976406,6.8446675530387395,0,-7.806075121976463,-0.10257541395692862
18.8,10.59781670903262,6.843923631856594,-1.5205799451222397,-7.8052269357440665,6.8439236318565975,0,-7.805226935744123,6.843923631856594,-1.5205799451222397,-7.8052269357440665,6.8439236318565975,0,-7.805226935744123,-0.10256431180310911
18.82,10.596390201360565,6.843002412862461,-1.5203745870837233,-7.804176601923494,6.8430024128624645,0,-7.804176601923643,6.843002412862461,-1.5203745870837233,-7.804176601923494,6.8430024128624645,0,-7.804176601923643,-0.10255056361260141
18.84,10.594689147993552,6.841903896056515,-1.5201297065534263,-7.80292412051449,6.841903896056518,0,-7.802924120514554,6.841903896056515,-1.5201297065534263,-7.80292412051449,6.841903896056518,0,-7.802924120514554,-0.10253416938540558
18.86,10.592713548931366,6.84062808143856,-1.519845303531179,-7.801469491516919,6.840628081438567,0,-7.801469491516954,6.84062808143856,-1.519845303531179,-7.801469491516919,6.840628081438567,0,-7.801469491516954,-0.10251512912152161
18.88,10.590463404174047,6.83917496900871,-1.5195213780168935,-7.799812714930631,6.839174969008713,0,-7.799812714930695,6.83917496900871,-1.5195213780168935,-7.799812714930631,6.839174969008713,0,-7.799812714930695,-0.10249344282094948
18.9,10.587938713722174,6.8375445587669645,-1.5191579300110076,-7.797953790756139,6.837544558766943,0,-7.7979537907561465,6.8375445587669645,-1.5191579300110076,-7.797953790756139,6.837544558766943,0,-7.7979537907561465,-0.10246911048368919
18.92,10.58513947757544,6.835736850713278,-1.5187549595131022,-7.795892718993066,6.835736850713257,0,-7.79589271899313,6.835736850713278,-1.5187549595131022,-7.795892718993066,6.835736850713257,0,-7.79589271899313,-0.10244213210974075
18.94,10.582065695733984,6.8337518448476935,-1.5183124665232723,-7.793629499641398,6.833751844847672,0,-7.793629499641632,6.8337518448476935,-1.5183124665232723,-7.793629499641398,6.833751844847672,0,-7.793629499641632,-0.10241250769910412
18.96,10.578717368198294,6.831589541170178,-1.5178304510417888,-7.7911641327015175,6.831589541170214,0,-7.791164132701525,6.831589541170178,-1.5178304510417888,-7.7911641327015175,6.831589541170214,0,-7.791164132701525,-0.10238023725177939
18.98,10.575094494968036,6.829249939680732,-1.5173089130682538,-7.788496618172921,6.829249939680739,0,-7.788496618172928,6.829249939680732,-1.5173089130682538,-7.788496618172921,6.829249939680739,0,-7.788496618172928,-0.10234532076776648
19.0,10.571533330302987,6.826950188848528,-1.5167964554138305,-7.785874458475888,6.826950188848507,0,-7.785874458475945,6.826950188848528,-1.5167964554138305,-7.785874458475888,6.826950188848507,0,-7.785874458475945,-0.10231098241309977
19.02,10.568829190933965,6.825203893500277,-1.5164080346259423,-7.783883052338204,6.825203893500277,0,-7.783883052338297,6.825203893500277,-1.5164080346259423,-7.783883052338204,6.825203893500277,0,-7.783883052338297,-0.10228484806350198
19.04,10.565990582280094,6.823370759797989,-1.5160003382487828,-7.781792602883506,6.823370759797967,0,-7.781792602883684,6.823370759797989,-1.5160003382487828,-7.781792602883506,6.823370759797967,0,-7.781792602883684,-0.10225741079656928
19.06,10.563017504341293,6.82145078774148,-1.5155733662824256,-7.779603110111893,6.821450787741483,0,-7.779603110111985,6.82145078774148,-1.5155733662824256,-7.779603110111893,6.821450787741483,0,-7.779603110111985,-0.10222867061230173
19.08,10.559909957117682,6.819443977330852,-1.5151271187270252,-7.777314574023315,6.819443977330856,0,-7.777314574023379,6.819443977330852,-1.5151271187270252,-7.777314574023315,6.819443977330856,0,-7.777314574023379,-0.10219862751069927
19.1,10.556667940609287,6.817350328566246,-1.5146615955823979,-7.7749269946178,6.817350328566249,0,-7.7749269946178075,6.817350328566246,-1.5146615955823979,-7.7749269946178,6.817350328566249,0,-7.7749269946178075,-0.10216728149176196
19.12,10.5532914548157,6.815169841447332,-1.5141767968486146,-7.772440371895037,6.815169841447336,0,-7.772440371895158,6.815169841447332,-1.5141767968486146,-7.772440371895037,6.815169841447336,0,-7.772440371895158,-0.1021346325554898
19.14,10.549780499737446,6.812902515974407,-1.513672722525504,-7.769854705855529,6.812902515974354,0,-7.769854705855593,6.812902515974407,-1.513672722525504,-7.769854705855529,6.812902515974354,0,-7.769854705855593,-0.10210068070188276
19.16,10.546135075374211,6.810548352147258,-1.5131493726133654,-7.767169996499007,6.810548352147233,0,-7.767169996499007,6.810548352147258,-1.5131493726133654,-7.767169996499007,6.810548352147233,0,-7.767169996499007,-0.10206542593094084
19.18,10.542355181726158,6.8081073499661,-1.512606747112013,-7.764386243825513,6.808107349966079,0,-7.764386243825577,6.8081073499661,-1.512606747112013,-7.764386243825513,6.808107349966079,0,-7.764386243825577,-0.10202886824266406
19.2,10.538440818792997,6.80557950943075,-1.5120448460213636,-7.761503447834855,6.805579509430725,0,-7.761503447834997,6.80557950943075,-1.5120448460213636,-7.761503447834855,6.805579509430725,0,-7.761503447834997,-0.10199100763705242
19.22,10.534391986575308,6.802964830541303,-1.5114636693418406,-7.758521608527637,6.802964830541303,0,-7.758521608527694,6.802964830541303,-1.5114636693418406,-7.758521608527637,6.802964830541303,0,-7.758521608527694,-0.10195184411410589
19.24,10.530208685072305,6.8002633132976555,-1.5108632170729344,-7.755440725903014,6.800263313297663,0,-7.755440725903078,6.8002633132976555,-1.5108632170729344,-7.755440725903014,6.800263313297663,0,-7.755440725903078,-0.10191137767382448
19.26,10.525890914284599,6.797474957699922,-1.5102434892149166,-7.7522607999616255,6.797474957699901,0,-7.752260799961768,6.797474957699922,-1.5102434892149166,-7.7522607999616255,6.797474957699901,0,-7.752260799961768,-0.10186960831620823
19.28,10.521438674211886,6.794599763748135,-1.5096044857674995,-7.748981830703187,6.794599763748085,0,-7.748981830703215,6.794599763748135,-1.5096044857674995,-7.748981830703187,6.794599763748085,0,-7.748981830703215,-0.1018265360412571
19.3,10.516851964854387,6.79163773144214,-1.5089462067311672,-7.745603818127869,6.7916377314421155,0,-7.745603818127819,6.79163773144214,-1.5089462067311672,-7.745603818127869,6.7916377314421155,0,-7.745603818127819,-0.10178216084897108
19.32,10.512130786211742,6.788588860782085,-1.508268652105536,-7.74212676223528,6.788588860782063,0,-7.742126762235337,6.788588860782085,-1.508268652105536,-7.74212676223528,6.788588860782063,0,-7.742126762235337,-0.10173648273935022
19.34,10.50727513828431,6.7854531517678005,-1.5075718218908065,-7.738550663026004,6.7854531517678325,0,-7.738550663026004,6.7854531517678005,-1.5075718218908065,-7.738550663026004,6.7854531517678325,0,-7.738550663026004,-0.10168950171239452
19.36,10.502285021071948,6.782230604399491,-1.5068557160868217,-7.734875520499635,6.782230604399494,0,-7.734875520499756,6.782230604399491,-1.5068557160868217,-7.734875520499635,6.782230604399494,0,-7.734875520499756,-0.10164121776810386
19.38,10.49716043457461,6.778921218677027,-1.5061203346937084,-7.731101334656259,6.778921218677006,0,-7.731101334656323,6.778921218677027,-1.5061203346937084,-7.731101334656259,6.778921218677006,0,-7.731101334656323,-0.1015916309064784
19.4,10.492243118094427,6.775745685011824,-1.5054144080363647,-7.727479918871225,6.775745685011799,0,-7.727479918871346,6.775745685011824,-1.5054144080363647,-7.727479918871225,6.775745685011799,0,-7.727479918871346,-0.10154407391860297
19.42,10.48735105422789,6.772586459137123,-1.5047119813384402,-7.723877152145086,6.772586459137074,0,-7.7238771521452065,6.772586459137123,-1.5047119813384402,-7.723877152145086,6.772586459137074,0,-7.7238771521452065,-0.10149677169117731
19.44,10.482394602645492,6.769385652595108,-1.5040002723345314,-7.720226982274234,6.769385652595112,0,-7.720226982274298,6.769385652595108,-1.5040002723345314,-7.720226982274234,6.769385652595112,0,-7.720226982274298,-0.10144885001251895
19.46,10.477377062307578,6.766145395807687,-1.5032797514400649,-7.716531840124368,6.766145395807662,0,-7.716531840124404,6.766145395807687,-1.5032797514400649,-7.716531840124368,6.766145395807662,0,-7.716531840124404,-0.10140034105552886
19.48,10.472301732174063,6.762867819196558,-1.5025508890701813,-7.712794156560825,6.762867819196536,0,-7.712794156560804,6.762867819196558,-1.5025508890701813,-7.712794156560825,6.762867819196536,0,-7.712794156560804,-0.1013512769931079
19.5,10.467171911205025,6.75955505318349,-1.5018141556402602,-7.709016362449027,6.759555053183494,0,-7.709016362449091,6.75955505318349,-1.5018141556402602,-7.709016362449027,6.759555053183494,0,-7.709016362449091,-0.10130168999815707
19.52,10.46199089836059,6.756209228190269,-1.5010700215657176,-7.705200888654495,6.756209228190272,0,-7.705200888654616,6.756209228190269,-1.5010700215657176,-7.705200888654495,6.756209228190272,0,-7.705200888654616,-0.10125161224357726
19.54,10.456761992600999,6.752832474638822,-1.5003189572616762,-7.701350166042857,6.752832474638801,0,-7.701350166042914,6.752832474638822,-1.5003189572616762,-7.701350166042857,6.752832474638801,0,-7.701350166042914,-0.10120107590226934
19.56,10.451488492886174,6.749426922950821,-1.4995614331435503,-7.697466625479308,6.749426922950796,0,-7.697466625479372,6.749426922950821,-1.4995614331435503,-7.697466625479308,6.749426922950796,0,-7.697466625479372,-0.10115011314713435
19.58,10.446173698176324,6.745994703547961,-1.498797919626603,-7.6935526978296025,6.745994703547968,0,-7.693552697829638,6.745994703547961,-1.498797919626603,-7.6935526978296025,6.745994703547968,0,-7.693552697829638,-0.1010987561510731
19.6,10.440820907431425,6.742537946852199,-1.4980288871262095,-7.689610813958829,6.742537946852174,0,-7.689610813959007,6.742537946852199,-1.4980288871262095,-7.689610813958829,6.742537946852174,0,-7.689610813959007,-0.10104703708698659
19.62,10.43543341961197,6.739058783285298,-1.4972548060575344,-7.685643404733057,6.739058783285305,0,-7.685643404733007,6.739058783285298,-1.4972548060575344,-7.685643404733057,6.739058783285305,0,-7.685643404733007,-0.10099498812777569
19.64,10.430014533677703,6.735559343269003,-1.4964761468358754,-7.681652901017273,6.735559343269006,0,-7.68165290101728,6.735559343269003,-1.4964761468358754,-7.681652901017273,6.735559343269006,0,-7.68165290101728,-0.10094264144634135
19.66,10.424567548588804,6.732041757225026,-1.495693379876844,-7.6776417336769285,6.7320417572250015,0,-7.677641733677021,6.732041757225026,-1.495693379876844,-7.6776417336769285,6.7320417572250015,0,-7.677641733677021,-0.10089002921558454
19.68,10.419095763305585,6.728508155575277,-1.4949069755952245,-7.673612333577843,6.728508155575284,0,-7.6736123335778785,6.728508155575277,-1.4949069755952245,-7.673612333577843,6.728508155575284,0,-7.6736123335778785,-0.10083718360840613
19.7,10.413602476788139,6.724960668741538,-1.49411740440667,-7.669567131585275,6.7249606687415415,0,-7.669567131585339,6.724960668741538,-1.49411740440667,-7.669567131585275,6.7249606687415415,0,-7.669567131585339,-0.10078413679770702
19.72,10.408090987996506,6.721401427145516,-1.4933251367263924,-7.665508558564625,6.721401427145523,0,-7.665508558564802,6.721401427145516,-1.4933251367263924,-7.665508558564625,6.721401427145523,0,-7.665508558564802,-0.10073092095638819
19.74,10.402564595891118,6.717832561209093,-1.4925306429697445,-7.661439045381648,6.717832561209072,0,-7.661439045381627,6.717832561209093,-1.4925306429697445,-7.661439045381648,6.717832561209072,0,-7.661439045381627,-0.10067756825735051
19.76,10.397026599431829,6.7142562013539795,-1.4917343935519245,-7.657361022901469,6.714256201353955,0,-7.657361022901526,6.7142562013539795,-1.4917343935519245,-7.657361022901469,6.714256201353955,0,-7.657361022901526,-0.10062411087349497
19.78,10.391536149011994,6.710710545866885,-1.4909452109909873,-7.653317917395,6.710710545866863,0,-7.653317917395121,6.710710545866885,-1.4909452109909873,-7.653317917395,6.710710545866863,0,-7.653317917395121,-0.10057109310019602
19.8,10.38616664145833,6.707242993075454,-1.4901741515899953,-7.649363569727015,6.707242993075429,0,-7.649363569727079,6.707242993075454,-1.4901741515899953,-7.649363569727015,6.707242993075429,0,-7.649363569727079,-0.10051918118838071
19.82,10.3807887150815,6.703770003469252,-1.489401920416488,-7.645403006854018,6.703770003469259,0,-7.645403006854082,6.703770003469252,-1.489401920416488,-7.645403006854018,6.703770003469259,0,-7.645403006854082,-0.10046718477607094
19.84,10.37540236988184,6.700291577048187,-1.4886285174703744,-7.641436228776577,6.700291577048162,0,-7.64143622877652,6.700291577048187,-1.4886285174703744,-7.641436228776577,6.700291577048162,0,-7.64143622877652,-0.10041510386326671
19.86,10.37000760585908,6.696807713812362,-1.4878539427516566,-7.637463235494209,6.696807713812365,0,-7.63746323549433,6.696807713812362,-1.4878539427516566,-7.637463235494209,6.696807713812365,0,-7.63746323549433,-0.10036293844996802
19.88,10.364604423013237,6.693318413761709,-1.487078196260235,-7.633484027007114,6.693318413761688,0,-7.633484027007093,6.693318413761709,-1.487078196260235,-7.633484027007114,6.693318413761688,0,-7.633484027007093,-0.10031068853617485
19.9,10.35919282134438,6.689823676896307,-1.4863012779963656,-7.629498603315241,6.689823676896285,0,-7.629498603315334,6.689823676896307,-1.4863012779963656,-7.629498603315241,6.689823676896285,0,-7.629498603315334,-0.1002583541218872
19.92,10.353772800852349,6.686323503215988,-1.4855231879597506,-7.625506964418577,6.68632350321602,0,-7.625506964418747,6.686323503215988,-1.4855231879597506,-7.625506964418577,6.68632350321602,0,-7.625506964418747,-0.10020593520710509
19.94,10.348344361537432,6.682817892720973,-1.4847439261506734,-7.621509110317298,6.68281789272098,0,-7.621509110317305,6.682817892720973,-1.4847439261506734,-7.621509110317298,6.68281789272098,0,-7.621509110317305,-0.1001534317918285
19.96,10.34290750339921,6.679306845411041,-1.483963492569063,-7.617505041011043,6.679306845411073,0,-7.617505041011221,6.679306845411041,-1.483963492569063,-7.617505041011043,6.679306845411073,0,-7.617505041011221,-0.10010084387605747
19.98,10.337462226438056,6.6757903612863565,-1.4831818872147355,-7.613494756500252,6.675790361286335,0,-7.613494756500373,6.6757903612863565,-1.4831818872147355,-7.613494756500252,6.675790361286335,0,-7.613494756500373,-0.10004817145979196
20.0,10.332008530653646,6.672268440346819,-1.4823991100879024,-7.60947825678452,6.672268440346851,0,-7.609478256784662,6.672268440346819,-1.4823991100879024,-7.60947825678452,6.672268440346851,0,-7.609478256784662,-0.09999541454303201
