Time,normE,es.EX,es.EY,es.EZ,es.tEX,es.tEY,es.tEZ,es.Ex,es.Ey,es.Ez,es.tEx,es.tEy,es.tEz,V
0.0,2.1874828021454045,0.8717959030657692,0.2304868945909817,-1.99120077537322,0.8717959030657694,0,-1.9912007753732244,0.8717959030657692,0.2304868945909817,-1.99120077537322,0.8717959030657694,0,-1.9912007753732244,0.010937604496615348
0.02,1.8893505919895528,0.7529787736049225,0.1990738379130228,-1.719819854446782,0.7529787736049194,0,-1.7198198544467918,0.7529787736049225,0.1990738379130228,-1.719819854446782,0.7529787736049194,0,-1.7198198544467918,0.009446916717799542
0.04,1.9067305235194965,0.7599053436643959,0.20090509609503293,-1.7356402911865958,0.7599053436643963,0,-1.7356402911865967,0.7599053436643959,0.20090509609503293,-1.7356402911865958,0.7599053436643963,0,-1.7356402911865967,0.009533817899000862
0.06,1.924247386161961,0.7668864796213757,0.20275075664826048,-1.7515853772943357,0.7668864796213759,0,-1.751585377294342,0.7668864796213757,0.20275075664826048,-1.7515853772943357,0.7668864796213759,0,-1.751585377294342,0.009621404649260841
0.08,1.942077542324627,0.7739924695055083,0.20462940594471846,-1.7678156495563249,0.7739924695055085,0,-1.7678156495563329,0.7739924695055083,0.20462940594471846,-1.7678156495563249,0.7739924695055085,0,-1.7678156495563329,0.00971055867355125
0.1,1.9600300698921553,0.78114722691748,0.20652094053435288,-1.7841573145797058,0.7811472269174802,0,-1.7841573145797156,0.78114722691748,0.20652094053435288,-1.7841573145797058,0.7811472269174802,0,-1.7841573145797156,0.00980032486985455
0.12,1.977982597459682,0.7883019843294579,0.20841247512395977,-1.8004989796030832,0.7883019843294581,0,-1.800498979603093,0.7883019843294579,0.20841247512395977,-1.8004989796030832,0.7883019843294581,0,-1.800498979603093,0.00989009106615785
0.14,1.996346355916668,0.7956206661309344,0.21034747090346695,-1.8172149499869645,0.7956206661309349,0,-1.8172149499869743,0.7956206661309344,0.21034747090346695,-1.8172149499869645,0.7956206661309349,0,-1.8172149499869743,0.009981908819341469
0.16,2.0152171878902885,0.8031414770009895,0.21233605705995906,-1.8343924623908974,0.8031414770009899,0,-1.8343924623909,0.8031414770009895,0.21233605705995906,-1.8343924623908974,0.8031414770009899,0,-1.8343924623909,0.010076256271019027
0.18,2.0340880198639546,0.810662287871041,0.21432464321646094,-1.8515699747948329,0.8106622878710379,0,-1.85156997479484,0.810662287871041,0.21432464321646094,-1.8515699747948329,0.8106622878710379,0,-1.85156997479484,0.010170603722696585
0.2,2.052958851837655,0.8181830987410921,0.21631322937295927,-1.8687474871987613,0.8181830987410925,0,-1.8687474871987622,0.8181830987410921,0.21631322937295927,-1.8687474871987613,0.8181830987410925,0,-1.8687474871987622,0.010264951174374143
0.22,2.071829683811405,0.8257039096111471,0.21830181552944694,-1.8859249996026985,0.8257039096111476,0,-1.885924999602702,0.8257039096111471,0.21830181552944694,-1.8859249996026985,0.8257039096111476,0,-1.885924999602702,0.010359298626051705
0.24,2.0907005157851692,0.833224720481188,0.2202904016859426,-1.9031025120066127,0.8332247204811885,0,-1.9031025120066225,0.833224720481188,0.2202904016859426,-1.9031025120066127,0.8332247204811885,0,-1.9031025120066225,0.01045364607772926
0.26,2.109571347759,0.8407455313512502,0.22227898784244537,-1.9202800244105482,0.8407455313512506,0,-1.9202800244105518,0.8407455313512502,0.22227898784244537,-1.9202800244105482,0.8407455313512506,0,-1.9202800244105518,0.010547993529406819
0.28,2.13030423932177,0.8490085312415203,0.2244641354647099,-1.9391524451087578,0.8490085312415205,0,-1.9391524451087605,0.8490085312415203,0.2244641354647099,-1.9391524451087578,0.8490085312415205,0,-1.9391524451087605,0.010651639194851573
0.3,2.151232107554128,0.8573492459074237,0.22666986508134013,-1.9582023400274373,0.8573492459074274,0,-1.9582023400274409,0.8573492459074237,0.22666986508134013,-1.9582023400274373,0.8573492459074274,0,-1.9582023400274409,0.010756258478306064
0.32,2.172159975786749,0.8656899605733066,0.22887559469794816,-1.9772522349461124,0.8656899605733068,0,-1.977252234946123,0.8656899605733066,0.22887559469794816,-1.9772522349461124,0.8656899605733068,0,-1.977252234946123,0.010860877761760552
0.34,2.1930878440196606,0.8740306752392248,0.23108132431456685,-1.996302129864798,0.8740306752392288,0,-1.9963021298648016,0.8740306752392248,0.23108132431456685,-1.996302129864798,0.8740306752392288,0,-1.9963021298648016,0.010965497045215043
0.36,2.214015712252822,0.8823713899051249,0.23328705393119886,-2.0153520247834775,0.8823713899051286,0,-2.01535202478348,0.8823713899051249,0.23328705393119886,-2.0153520247834775,0.8823713899051286,0,-2.01535202478348,0.011070116328669532
0.38,2.2349435804862456,0.8907121045710291,0.2354927835477918,-2.0344019197021703,0.8907121045710293,0,-2.0344019197021694,0.8907121045710291,0.2354927835477918,-2.0344019197021703,0.8907121045710293,0,-2.0344019197021694,0.01117473561212402
0.4,2.2558714487198976,0.8990528192369363,0.23769851316441315,-2.05345181462084,0.8990528192369367,0,-2.0534518146208462,0.8990528192369363,0.23769851316441315,-2.05345181462084,0.8990528192369367,0,-2.0534518146208462,0.01127935489557851
0.42,2.276799316953796,0.9073935339028261,0.23990424278105316,-2.072501709539522,0.9073935339028227,0,-2.072501709539532,0.9073935339028261,0.23990424278105316,-2.072501709539522,0.9073935339028227,0,-2.072501709539532,0.011383974179032998
0.44,2.2977271851879375,0.9157342485687374,0.24210997239765675,-2.0915516044582114,0.9157342485687376,0,-2.0915516044582105,0.9157342485687374,0.24210997239765675,-2.0915516044582114,0.9157342485687376,0,-2.0915516044582105,0.01148859346248749
0.46,2.318655053422308,0.9240749632346521,0.244315702014263,-2.1106014993769007,0.9240749632346454,0,-2.1106014993769,0.9240749632346521,0.244315702014263,-2.1106014993769007,0.9240749632346454,0,-2.1106014993769,0.011593212745941975
0.48,2.339582921656882,0.9324156779005517,0.2465214316308888,-2.1296513942955784,0.9324156779005519,0,-2.1296513942955784,0.9324156779005517,0.2465214316308888,-2.1296513942955784,0.9324156779005519,0,-2.1296513942955784,0.011697832029396466
0.5,2.3605107898916797,0.9407563925664557,0.24872716124749683,-2.148701289214264,0.9407563925664526,0,-2.148701289214271,0.9407563925664557,0.24872716124749683,-2.148701289214264,0.9407563925664526,0,-2.148701289214271,0.011802451312850959
0.52,2.3814386581266698,0.9490971072323457,0.25093289086412796,-2.1677511841329355,0.9490971072323462,0,-2.1677511841329427,0.9490971072323457,0.25093289086412796,-2.1677511841329355,0.9490971072323462,0,-2.1677511841329427,0.011907070596305443
0.54,2.4042773251203746,0.9581988711625233,0.25333802217058476,-2.1885407994382264,0.9581988711625238,0,-2.1885407994382327,0.9581988711625233,0.25333802217058476,-2.1885407994382264,0.9581988711625238,0,-2.1885407994382327,0.012021311086079333
0.56,2.4275353976282132,0.9674676795054409,0.2557869206019179,-2.2097122698795335,0.9674676795054413,0,-2.209712269879539,0.9674676795054409,0.2557869206019179,-2.2097122698795335,0.9674676795054413,0,-2.209712269879539,0.01213766335604274
0.58,2.450793470138099,0.9767364878483593,0.25823581903325277,-2.2308837403208344,0.9767364878483527,0,-2.230883740320838,0.9767364878483593,0.25823581903325277,-2.2308837403208344,0.9767364878483527,0,-2.230883740320838,0.012254015626006146
0.6,2.4740515426499856,0.9860052961912844,0.26068471746458766,-2.2520552107621388,0.9860052961912844,0,-2.2520552107621405,0.9860052961912844,0.26068471746458766,-2.2520552107621388,0.9860052961912844,0,-2.2520552107621405,0.012370367895969552
0.62,2.4973096151638083,0.9952741045342095,0.26313361589589235,-2.273226681203443,0.99527410453421,0,-2.273226681203454,0.9952741045342095,0.26313361589589235,-2.273226681203443,0.99527410453421,0,-2.273226681203454,0.012486720165932958
0.64,2.5205676876795025,1.004542912877112,0.2655825143272583,-2.294398151644737,1.0045429128771053,0,-2.2943981516447423,1.004542912877112,0.2655825143272583,-2.294398151644737,1.0045429128771053,0,-2.2943981516447423,0.012603072435896367
0.66,2.543825760197045,1.01381172122003,0.26803141275856834,-2.3155696220860467,1.01381172122003,0,-2.315569622086052,1.01381172122003,0.26803141275856834,-2.3155696220860467,1.01381172122003,0,-2.315569622086052,0.012719424705859775
0.68,2.5670838327163588,1.0230805295629408,0.27048031118990146,-2.336741092527342,1.0230805295629413,0,-2.3367410925273475,1.0230805295629408,0.27048031118990146,-2.336741092527342,1.0230805295629413,0,-2.3367410925273475,0.01283577697582318
0.7,2.590341905237426,1.032349337905866,0.27292920962122924,-2.357912562968652,1.032349337905866,0,-2.3579125629686537,1.032349337905866,0.27292920962122924,-2.357912562968652,1.032349337905866,0,-2.3579125629686537,0.012952129245786587
0.72,2.6135999777601784,1.0416181462487901,0.27537810805256147,-2.379084033409958,1.0416181462487906,0,-2.37908403340996,1.0416181462487901,0.27537810805256147,-2.379084033409958,1.0416181462487906,0,-2.37908403340996,0.013068481515749993
0.74,2.6368580502845704,1.0508869545917006,0.277827006483891,-2.4002555038512643,1.050886954591701,0,-2.4002555038512625,1.0508869545917006,0.277827006483891,-2.4002555038512643,1.050886954591701,0,-2.4002555038512625,0.0131848337857134
0.76,2.6601161228105585,1.060155762934626,0.2802759049152117,-2.42142697429256,1.0601557629346265,0,-2.4214269742925687,1.060155762934626,0.2802759049152117,-2.42142697429256,1.0601557629346265,0,-2.4214269742925687,0.013301186055676808
0.78,2.683374195338118,1.0694245712775436,0.28272480334654393,-2.4425984447338696,1.069424571277537,0,-2.4425984447338713,1.0694245712775436,0.28272480334654393,-2.4425984447338696,1.069424571277537,0,-2.4425984447338713,0.013417538325640214
0.8,2.7085510047576618,1.0794585599346207,0.2853778361909942,-2.4655160990822917,1.0794585599346211,0,-2.465516099082297,1.0794585599346207,0.2853778361909942,-2.4655160990822917,1.0794585599346211,0,-2.465516099082297,0.013543415732774847
0.82,2.734420271337873,1.0897686961915931,0.2881045395510009,-2.4890639375664296,1.0897686961915865,0,-2.4890639375664314,1.0897686961915931,0.2881045395510009,-2.4890639375664296,1.0897686961915865,0,-2.4890639375664314,0.013672730687530422
0.84,2.7602895379187187,1.1000788324485655,0.2908312429110227,-2.5126117760505533,1.100078832448566,0,-2.512611776050555,1.1000788324485655,0.2908312429110227,-2.5126117760505533,1.100078832448566,0,-2.512611776050555,0.013802045642285996
0.86,2.7861588045001806,1.1103889687055157,0.29355794627103826,-2.536159614534677,1.1103889687055162,0,-2.536159614534693,1.1103889687055157,0.29355794627103826,-2.536159614534677,1.1103889687055162,0,-2.536159614534693,0.013931360597041571
0.88,2.812028071082261,1.1206991049624802,0.2962846496310494,-2.559707453018804,1.1206991049624806,0,-2.5597074530188024,1.1206991049624802,0.2962846496310494,-2.559707453018804,1.1206991049624806,0,-2.5597074530188024,0.014060675551797143
0.9,2.8378973376649514,1.1310092412194739,0.29901135299105697,-2.5832552915029385,1.1310092412194743,0,-2.5832552915029474,1.1310092412194739,0.29901135299105697,-2.5832552915029385,1.1310092412194743,0,-2.5832552915029474,0.01418999050655272
0.92,2.8637666042482035,1.1413193774764454,0.30173805635106543,-2.6068031299870658,1.1413193774764387,0,-2.606803129987071,1.1413193774764454,0.30173805635106543,-2.6068031299870658,1.1413193774764387,0,-2.606803129987071,0.014319305461308295
0.94,2.889635870832005,1.1516295137333894,0.3044647597110792,-2.630350968471191,1.1516295137333898,0,-2.630350968471202,1.1516295137333894,0.3044647597110792,-2.630350968471191,1.1516295137333898,0,-2.630350968471202,0.014448620416063871
0.96,2.9155051374163863,1.1619396499903822,0.3071914630711099,-2.653898806955331,1.1619396499903827,0,-2.6538988069553398,1.1619396499903822,0.3071914630711099,-2.653898806955331,1.1619396499903827,0,-2.6538988069553398,0.014577935370819447
0.98,2.9413744040012677,1.1722497862473467,0.3099181664311068,-2.677446645439451,1.172249786247347,0,-2.6774466454394634,1.1722497862473467,0.3099181664311068,-2.677446645439451,1.172249786247347,0,-2.6774466454394634,0.014707250325575018
1.0,2.967243670586681,1.182559922504311,0.31264486979112505,-2.7009944839235853,1.1825599225043115,0,-2.700994483923587,1.182559922504311,0.31264486979112505,-2.7009944839235853,1.1825599225043115,0,-2.700994483923587,0.014836565280330593
1.02,2.9931129371725946,1.1928700587612835,0.3153715731511335,-2.7245423224077125,1.192870058761291,0,-2.724542322407725,1.1928700587612835,0.3153715731511335,-2.7245423224077125,1.192870058761291,0,-2.724542322407725,0.014965880235086167
1.04,3.01898220375901,1.2031801950182701,0.31809827651115086,-2.7480901608918433,1.2031801950182706,0,-2.748090160891852,1.2031801950182701,0.31809827651115086,-2.7480901608918433,1.2031801950182706,0,-2.748090160891852,0.015095195189841742
1.06,3.045679178293669,1.2138201494540506,0.32091197262557714,-2.772391480717479,1.213820149454051,0,-2.7723914807174737,1.2138201494540506,0.32091197262557714,-2.772391480717479,1.213820149454051,0,-2.7723914807174737,0.015228656492984423
1.08,3.072975636972606,1.2246989813455227,0.32378867499364183,-2.7972385245732934,1.224698981345516,0,-2.7972385245733022,1.2246989813455227,0.32378867499364183,-2.7972385245732934,1.224698981345516,0,-2.7972385245733022,0.015365120872418182
1.1,3.100457632946457,1.235651744595072,0.3266848774768878,-2.8222544672419563,1.2356517445950654,0,-2.822254467241958,1.235651744595072,0.3266848774768878,-2.8222544672419563,1.2356517445950654,0,-2.822254467241958,0.015502514688696045
1.12,3.1281251662151375,1.2466784392026855,0.32960058007531234,-2.847439308723425,1.246678439202686,0,-2.8474393087234304,1.2466784392026855,0.32960058007531234,-2.847439308723425,1.246678439202686,0,-2.8474393087234304,0.01564083794181801
1.14,3.155978236778631,1.2577790651683332,0.33253578278892526,-2.8727930490177354,1.257779065168334,0,-2.872793049017737,1.2577790651683332,0.33253578278892526,-2.8727930490177354,1.257779065168334,0,-2.872793049017737,0.01578009063178408
1.16,3.1840168446369264,1.2689536224921159,0.3354904856176564,-2.8983156881248764,1.2689536224921092,0,-2.8983156881248817,1.2689536224921159,0.3354904856176564,-2.8983156881248764,1.2689536224921092,0,-2.8983156881248817,0.015920272758594256
1.18,3.212240989789938,1.2802021111739053,0.3384646885616398,-2.9240072260448233,1.2802021111739128,0,-2.9240072260448287,1.2802021111739053,0.3384646885616398,-2.9240072260448233,1.2802021111739128,0,-2.9240072260448287,0.01606138432224854
1.2,3.2406506722376496,1.2915245312137302,0.34145839162081426,-2.9498676627775797,1.2915245312137307,0,-2.9498676627775815,1.2915245312137302,0.34145839162081426,-2.9498676627775797,1.2915245312137307,0,-2.9498676627775815,0.01620342532274692
1.22,3.269245891980078,1.3029208826116467,0.3444715947950865,-2.975896998323174,1.3029208826116472,0,-2.975896998323183,1.3029208826116467,0.3444715947950865,-2.975896998323174,1.3029208826116472,0,-2.975896998323183,0.016346395760089408
1.24,3.2980266490172125,1.3143911653676068,0.3475042980845888,-3.0020952326816115,1.3143911653676073,0,-3.002095232681615,1.3143911653676068,0.3475042980845888,-3.0020952326816115,1.3143911653676073,0,-3.002095232681615,0.016490295634276002
1.26,3.32699294334901,1.3259353794816584,0.35055650148922624,-3.0284623658528513,1.3259353794816517,0,-3.0284623658528567,1.3259353794816584,0.35055650148922624,-3.0284623658528513,1.3259353794816517,0,-3.0284623658528567,0.0166351249453067
1.28,3.356144774975464,1.3375535249537296,0.353628205009068,-3.0549983978369166,1.337553524953723,0,-3.0549983978369184,1.3375535249537296,0.353628205009068,-3.0549983978369166,1.337553524953723,0,-3.0549983978369184,0.0167808836931815
1.3,3.3854821438965885,1.3492456017838728,0.35671940864407947,-3.0817033286338056,1.349245601783866,0,-3.081703328633811,1.3492456017838728,0.35671940864407947,-3.0817033286338056,1.349245601783866,0,-3.081703328633811,0.016927571877900408
1.32,3.41500505011241,1.3610116099721217,0.3598301123942562,-3.108577158243536,1.3610116099721221,0,-3.108577158243545,1.3610116099721217,0.3598301123942562,-3.108577158243536,1.3610116099721221,0,-3.108577158243545,0.017075189499463416
1.34,3.444713493622846,1.3728515495183626,0.36296031625964176,-3.135619886666058,1.372851549518363,0,-3.1356198866660634,1.3728515495183626,0.36296031625964176,-3.135619886666058,1.372851549518363,0,-3.1356198866660634,0.01722373655787053
1.36,3.474607474427967,1.3847654204226676,0.36611002024021655,-3.162831513901411,1.3847654204226751,0,-3.162831513901409,1.3847654204226676,0.36611002024021655,-3.162831513901411,1.3847654204226751,0,-3.162831513901409,0.01737321305312175
1.38,3.504686992527822,1.3967532226851147,0.369279224335898,-3.190212039949616,1.3967532226851151,0,-3.1902120399496248,1.3967532226851147,0.369279224335898,-3.190212039949616,1.3967532226851151,0,-3.1902120399496248,0.01752361898521707
1.4,3.5349520479223164,1.4088149563055263,0.37246792854683086,-3.217761464810616,1.4088149563055268,0,-3.217761464810618,1.4088149563055263,0.37246792854683086,-3.217761464810616,1.4088149563055268,0,-3.217761464810618,0.0176749543541565
1.42,3.5654026406115458,1.4209506212840504,0.3756761328728899,-3.245479788484447,1.4209506212840513,0,-3.2454797884844666,1.4209506212840504,0.3756761328728899,-3.245479788484447,1.4209506212840513,0,-3.2454797884844666,0.01782721915994003
1.44,3.5960387705955137,1.4331602176206304,0.3789038373141196,-3.273367010971116,1.4331602176206308,0,-3.2733670109711213,1.4331602176206304,0.3789038373141196,-3.273367010971116,1.4331602176206308,0,-3.2733670109711213,0.017980413402567667
1.46,3.6268604378742206,1.4454437453152615,0.3821510418705474,-3.301423132270598,1.4454437453152549,0,-3.3014231322706067,1.4454437453152615,0.3821510418705474,-3.301423132270598,1.4454437453152549,0,-3.3014231322706067,0.018134537082039406
1.48,3.657867642447691,1.4578012043679336,0.38541774654213423,-3.3296481523829033,1.457801204367934,0,-3.329648152382905,1.4578012043679336,0.38541774654213423,-3.3296481523829033,1.457801204367934,0,-3.329648152382905,0.01828959019835525
1.5,3.6890603843159697,1.4702325947786834,0.38870395132894764,-3.358042071308031,1.4702325947786843,0,-3.3580420713080414,1.4702325947786834,0.38870395132894764,-3.358042071308031,1.4702325947786843,0,-3.3580420713080414,0.018445572751515194
1.52,3.720438663479092,1.4827379165475332,0.39200965623087747,-3.3866048890459926,1.482737916547534,0,-3.3866048890460085,1.4827379165475332,0.39200965623087747,-3.3866048890459926,1.482737916547534,0,-3.3866048890460085,0.018602484741519244
1.54,3.7520024799370253,1.4953171696743675,0.39533486124802586,-3.4153366055967584,1.495317169674368,0,-3.415336605596778,1.4953171696743675,0.39533486124802586,-3.4153366055967584,1.495317169674368,0,-3.415336605596778,0.0187603261683674
1.56,3.783751833689881,1.5079703541593088,0.3986795663803484,-3.4442372209603658,1.5079703541593021,0,-3.4442372209603676,1.5079703541593088,0.3986795663803484,-3.4442372209603658,1.5079703541593021,0,-3.4442372209603676,0.018919097032059667
1.58,3.816149785302505,1.5208820992890844,0.4020928894351208,-3.473728181144116,1.5208820992890848,0,-3.473728181144118,1.5208820992890844,0.4020928894351208,-3.473728181144116,1.5208820992890848,0,-3.473728181144118,0.019081101201372415
1.6,3.849290152995588,1.534089811814677,0.40558478190821745,-3.5038948730661588,1.5340898118146704,0,-3.5038948730661623,1.534089811814677,0.40558478190821745,-3.5038948730661588,1.5340898118146704,0,-3.5038948730661623,0.0192468054508179
1.62,3.882688577157438,1.5474003701954127,0.40910386675766297,-3.534296465785788,1.5474003701954135,0,-3.5342964657857827,1.5474003701954127,0.40910386675766297,-3.534296465785788,1.5474003701954135,0,-3.5342964657857827,0.01941379994230968
1.64,3.9163450577880683,1.5608137744313542,0.4126501439835266,-3.564932959302988,1.560813774431355,0,-3.5649329593030004,1.5608137744313542,0.4126501439835266,-3.564932959302988,1.560813774431355,0,-3.5649329593030004,0.019582084675847766
1.66,3.950259594887526,1.5743300245224976,0.41622361358573734,-3.595804353617819,1.5743300245224985,0,-3.5958043536178224,1.5743300245224976,0.41622361358573734,-3.595804353617819,1.5743300245224985,0,-3.5958043536178224,0.01975165965143216
1.68,3.9844321884557665,1.5879491204688736,0.4198242755643111,-3.6269106487302185,1.587949120468867,0,-3.6269106487302203,1.5879491204688736,0.4198242755643111,-3.6269106487302185,1.587949120468867,0,-3.6269106487302203,0.019922524869062853
1.7,4.018862838492831,1.6016710622704675,0.42345212991930126,-3.6582518446402297,1.6016710622704684,0,-3.6582518446402403,1.6016710622704675,0.42345212991930126,-3.6582518446402297,1.6016710622704684,0,-3.6582518446402403,0.02009468032873986
1.72,4.0535515449986566,1.6154958499272243,0.42710717665063314,-3.6898279413478168,1.6154958499272247,0,-3.6898279413478257,1.6154958499272243,0.42710717665063314,-3.6898279413478168,1.6154958499272247,0,-3.6898279413478257,0.020268126030463164
1.74,4.088498307973337,1.6294234834392514,0.43078941575832275,-3.721638938853033,1.6294234834392523,0,-3.7216389388530544,1.6294234834392514,0.43078941575832275,-3.721638938853033,1.6294234834392523,0,-3.7216389388530544,0.020442861974232777
1.76,4.123703127416808,1.6434539628064644,0.4344988472424536,-3.753684837155836,1.6434539628064648,0,-3.7536848371558484,1.6434539628064644,0.4344988472424536,-3.753684837155836,1.6434539628064648,0,-3.7536848371558484,0.020618888160048695
1.78,4.159166003329048,1.6575872880288505,0.4382354711029137,-3.78596563625622,1.657587288028851,0,-3.7859656362562255,1.6575872880288505,0.4382354711029137,-3.78596563625622,1.657587288028851,0,-3.7859656362562255,0.020796204587910913
1.8,4.1948869357101035,1.6718234591064784,0.4419992873397245,-3.818481336154205,1.671823459106479,0,-3.8184813361542105,1.6718234591064784,0.4419992873397245,-3.818481336154205,1.671823459106479,0,-3.8184813361542105,0.020974811257819442
1.82,4.230865924559951,1.6861624760392995,0.44579029595295694,-3.851231936849775,1.6861624760392928,0,-3.851231936849789,1.6861624760392995,0.44579029595295694,-3.851231936849775,1.6861624760392928,0,-3.851231936849789,0.02115470816977427
1.84,4.26710296987862,1.7006043388273357,0.4496084969425205,-3.8842174383429633,1.7006043388273362,0,-3.884217438342972,1.7006043388273357,0.4496084969425205,-3.8842174383429633,1.7006043388273362,0,-3.884217438342972,0.021335895323775403
1.86,4.303598071666064,1.715149047470578,0.4534538903084826,-3.917437840633724,1.7151490474705788,0,-3.917437840633731,1.715149047470578,0.4534538903084826,-3.917437840633724,1.7151490474705788,0,-3.917437840633731,0.021518372719822845
1.88,4.340351229922325,1.7297966019690114,0.4573264760508362,-3.950893143722096,1.729796601969019,0,-3.950893143722105,1.7297966019690114,0.4573264760508362,-3.950893143722096,1.729796601969019,0,-3.950893143722105,0.021702140357916587
1.9,4.377362444647392,1.7445470023226988,0.4612262541695049,-3.9845833476080603,1.744547002322692,0,-3.9845833476080657,1.7445470023226988,0.4612262541695049,-3.9845833476080603,1.744547002322692,0,-3.9845833476080657,0.021887198238056637
1.92,4.414631715841253,1.7594002485315592,0.4651532246645864,-4.018508452291622,1.75940024853156,0,-4.0185084522916235,1.7594002485315592,0.4651532246645864,-4.018508452291622,1.75940024853156,0,-4.0185084522916235,0.02207354636024299
1.94,4.452159043503935,1.7743563405956602,0.46910738753603454,-4.052668457772786,1.774356340595661,0,-4.052668457772814,1.7743563405956602,0.46910738753603454,-4.052668457772786,1.774356340595661,0,-4.052668457772814,0.02226118472447565
1.96,4.489944427635386,1.7894152785149018,0.47308874278390256,-4.087063364051534,1.7894152785149027,0,-4.0870633640515415,1.7894152785149018,0.47308874278390256,-4.087063364051534,1.7894152785149027,0,-4.0870633640515415,0.022450113330754615
1.98,4.527987868235641,1.8045770622893866,0.4770972904080697,-4.121693171127877,1.8045770622893729,0,-4.121693171127898,1.8045770622893866,0.4770972904080697,-4.121693171127877,1.8045770622893729,0,-4.121693171127898,0.022640332179079882
2.0,4.566289365304721,1.8198416919191023,0.4811330304086532,-4.156557879001824,1.8198416919191027,0,-4.156557879001838,1.8198416919191023,0.4811330304086532,-4.156557879001824,1.8198416919191027,0,-4.156557879001838,0.022831841269451456
2.02,4.604848918842574,1.8352091674039794,0.4851959627856175,-4.191657487673357,1.8352091674039874,0,-4.191657487673371,1.8352091674039794,0.4851959627856175,-4.191657487673357,1.8352091674039874,0,-4.191657487673371,0.02302464060186933
2.04,4.64366652884924,1.8506794887440994,0.4892860875389484,-4.2269919971424805,1.8506794887440998,0,-4.226991997142495,1.8506794887440994,0.4892860875389484,-4.2269919971424805,1.8506794887440998,0,-4.226991997142495,0.02321873017633351
2.06,4.682742195324736,1.8662526559394434,0.49340340466863886,-4.262561407409228,1.8662526559394443,0,-4.26256140740924,1.8662526559394434,0.49340340466863886,-4.262561407409228,1.8662526559394443,0,-4.26256140740924,0.023414109992844
2.08,4.7220759182690255,1.8819286689899708,0.49754791417469235,-4.298365718473573,1.8819286689899712,0,-4.298365718473569,1.8819286689899708,0.49754791417469235,-4.298365718473573,1.8819286689899712,0,-4.298365718473569,0.02361078005140079
2.1,4.761948414979186,1.8978194293228179,0.5017492907367611,-4.334660439670223,1.8978194293228183,0,-4.3346604396702375,1.8978194293228179,0.5017492907367611,-4.334660439670223,1.8978194293228183,0,-4.3346604396702375,0.02381014049848005
2.12,4.802752225678407,1.914081413976163,0.5060490298573459,-4.3718028617408,1.914081413976164,0,-4.371802861740793,1.914081413976163,0.5060490298573459,-4.3718028617408,1.914081413976164,0,-4.371802861740793,0.02401414922486975
2.14,4.8438827537330615,1.9304736145515404,0.5103832195099418,-4.409242679858238,1.9304736145515413,0,-4.409242679858252,1.9304736145515404,0.5103832195099418,-4.409242679858238,1.9304736145515413,0,-4.409242679858252,0.024219790656344255
2.16,4.88533999914333,1.9469960310490615,0.5147518596944227,-4.4469798940226966,1.9469960310490624,0,-4.446979894022704,1.9469960310490615,0.5147518596944227,-4.4469798940226966,1.9469960310490624,0,-4.446979894022704,0.024427064792903585
2.18,4.92712396190909,1.9636486634687094,0.5191549504108828,-4.485014504234027,1.9636486634687103,0,-4.4850145042340515,1.9636486634687094,0.5191549504108828,-4.485014504234027,1.9636486634687103,0,-4.4850145042340515,0.024635971634547737
2.2,4.969234642030463,1.9804315118105302,0.5235924916592882,-4.523346510492331,1.9804315118105311,0,-4.5233465104923525,1.9804315118105302,0.5235924916592882,-4.523346510492331,1.9804315118105311,0,-4.5233465104923525,0.024846511181276697
2.22,5.011672039507382,1.9973445760744521,0.5280644834395538,-4.561975912797575,1.9973445760744521,0,-4.5619759127975925,1.9973445760744521,0.5280644834395538,-4.561975912797575,1.9973445760744521,0,-4.5619759127975925,0.025058683433090475
2.24,5.054436154339875,2.0143878562604893,0.5325709257518376,-4.600902711149747,2.0143878562604893,0,-4.600902711149757,2.0143878562604893,0.5325709257518376,-4.600902711149747,2.0143878562604893,0,-4.600902711149757,0.02527248838998907
2.26,5.0975269865279795,2.031561352368713,0.537111818595994,-4.640126905548865,2.0315613523687137,0,-4.640126905548861,2.031561352368713,0.537111818595994,-4.640126905548865,2.0315613523687137,0,-4.640126905548861,0.02548792605197249
2.28,5.140944536071649,2.048865064398993,0.541687161972197,-4.6796484959949005,2.048865064399008,0,-4.679648495994918,2.048865064398993,0.541687161972197,-4.6796484959949005,2.048865064399008,0,-4.679648495994918,0.025704996419040713
2.3,5.184688802970957,2.0662989923514603,0.54629695588023,-4.719467482487897,2.066298992351461,0,-4.719467482487929,2.0662989923514603,0.54629695588023,-4.719467482487897,2.066298992351461,0,-4.719467482487929,0.02592369949119376
2.32,5.228759787225888,2.0838631362260562,0.5509412003202332,-4.759583865027832,2.083863136226043,0,-4.759583865027857,2.0838631362260562,0.5509412003202332,-4.759583865027832,2.083863136226043,0,-4.759583865027857,0.026144035268431624
2.34,5.273157488836425,2.1015574960227648,0.5556198952922227,-4.799997643614677,2.1015574960227514,0,-4.799997643614681,2.1015574960227648,0.5556198952922227,-4.799997643614677,2.1015574960227514,0,-4.799997643614681,0.0263660037507543
2.36,5.317881907802644,2.1193820717416196,0.5603330407960847,-4.840708818248505,2.1193820717416205,0,-4.840708818248515,2.1193820717416196,0.5603330407960847,-4.840708818248505,2.1193820717416205,0,-4.840708818248515,0.026589604938161798
2.38,5.362933044124482,2.1373368633825907,0.5650806368319454,-4.881717388929236,2.1373368633825915,0,-4.881717388929246,2.1373368633825907,0.5650806368319454,-4.881717388929236,2.1373368633825915,0,-4.881717388929246,0.026814838830654112
2.4,5.408310897802024,2.155421870945717,0.5698626833996929,-4.923023355656941,2.155421870945718,0,-4.923023355656937,2.155421870945717,0.5698626833996929,-4.923023355656941,2.155421870945718,0,-4.923023355656937,0.02704170542823124
2.42,5.454015468835179,2.173637094430945,0.574679180499432,-4.964626718431521,2.173637094430946,0,-4.964626718431539,2.173637094430945,0.574679180499432,-4.964626718431521,2.173637094430946,0,-4.964626718431539,0.02727020473089319
2.44,5.5000467572240765,2.191982533838332,0.5795301281310774,-5.0065274772530906,2.191982533838333,0,-5.006527477253108,2.191982533838332,0.5795301281310774,-5.0065274772530906,2.191982533838333,0,-5.006527477253108,0.027500336738639955
2.46,5.546404762968674,2.2104581891678476,0.5844155262946273,-5.048725632121606,2.2104581891678485,0,-5.048725632121624,2.2104581891678476,0.5844155262946273,-5.048725632121606,2.2104581891678485,0,-5.048725632121624,0.02773210145147154
2.48,5.593089486068937,2.2290640604194616,0.5893353749901529,-5.0912211830370175,2.2290640604194625,0,-5.091221183037035,2.2290640604194616,0.5893353749901529,-5.0912211830370175,2.2290640604194625,0,-5.091221183037035,0.02796549886938794
2.5,5.640100926524967,2.2478001475932787,0.59428967421759,-5.1340141299993896,2.247800147593294,0,-5.134014129999407,2.2478001475932787,0.59428967421759,-5.1340141299993896,2.247800147593294,0,-5.134014129999407,0.02820052899238915
2.52,5.687439084336716,2.266666450689166,0.5992784239770188,-5.177104473008701,2.2666664506891667,0,-5.177104473008718,2.266666450689166,0.5992784239770188,-5.177104473008701,2.2666664506891667,0,-5.177104473008718,0.02843719182047518
2.54,5.7351039595042295,2.2856629697071993,0.604301624268361,-5.220492212064968,2.2856629697072,0,-5.220492212064983,2.2856629697071993,0.604301624268361,-5.220492212064968,2.2856629697072,0,-5.220492212064983,0.028675487353646032
2.56,5.783095552027474,2.3047897046473613,0.6093592750916539,-5.26417734716814,2.304789704647362,0,-5.264177347168143,2.3047897046473613,0.6093592750916539,-5.26417734716814,2.304789704647362,0,-5.264177347168143,0.028915415591901698
2.58,5.831413861906489,2.3240466555096218,0.614451376446862,-5.308159878318268,2.3240466555096226,0,-5.3081598783182855,2.3240466555096218,0.614451376446862,-5.308159878318268,2.3240466555096226,0,-5.3081598783182855,0.029156976535242178
2.6,5.880058889141338,2.343433822294098,0.6195779283340013,-5.352439805515356,2.3434338222940987,0,-5.35243980551536,2.343433822294098,0.6195779283340013,-5.352439805515356,2.3434338222940987,0,-5.35243980551536,0.029400170183667484
2.62,5.929151516648915,2.362999344043847,0.6247515197201334,-5.3971271941998715,2.362999344043848,0,-5.397127194199896,2.362999344043847,0.6247515197201334,-5.3971271941998715,2.362999344043848,0,-5.397127194199896,0.02964560620292357
2.64,5.979361186897451,2.383009811942279,0.63004186756271,-5.442831580293198,2.38300981194228,0,-5.442831580293209,2.383009811942279,0.63004186756271,-5.442831580293198,2.38300981194228,0,-5.442831580293209,0.02989666088597185
2.66,6.029963971659669,2.4031769370147424,0.6353735806580385,-5.488893817894297,2.4031769370147433,0,-5.488893817894301,2.4031769370147424,0.6353735806580385,-5.488893817894297,2.4031769370147433,0,-5.488893817894301,0.030149683144191846
2.68,6.080959870935589,2.4235007192612406,0.6407466590063216,-5.535313907003161,2.4235007192612414,0,-5.5353139070031645,2.4235007192612406,0.6407466590063216,-5.535313907003161,2.4235007192612414,0,-5.5353139070031645,0.03040467297758355
2.7,6.132348884725232,2.443981158681768,0.6461611026074205,-5.582091847619811,2.443981158681769,0,-5.5820918476198145,2.443981158681768,0.6461611026074205,-5.582091847619811,2.443981158681769,0,-5.5820918476198145,0.030661630386146967
2.72,6.184131013028633,2.4646182552763607,0.6516169114614225,-5.629227639744247,2.4646182552763616,0,-5.629227639744272,2.4646182552763607,0.6516169114614225,-5.629227639744247,2.4646182552763616,0,-5.629227639744272,0.030920555369882082
2.74,6.236306255845837,2.485412009045029,0.6571140855682653,-5.676721283376498,2.4854120090450156,0,-5.676721283376523,2.485412009045029,0.6571140855682653,-5.676721283376498,2.4854120090450156,0,-5.676721283376523,0.031181447928788908
2.76,6.2888746131768105,2.5063624199877585,0.662652624927949,-5.72457277851651,2.5063624199877594,0,-5.724572778516524,2.5063624199877585,0.662652624927949,-5.72457277851651,2.5063624199877594,0,-5.724572778516524,0.031444308062867445
2.78,6.3418360850215425,2.5274694881044786,0.6682325295404521,-5.772782125164287,2.5274694881044795,0,-5.772782125164298,2.5274694881044786,0.6682325295404521,-5.772782125164287,2.5274694881044795,0,-5.772782125164298,0.03170913577211769
2.8,6.395190671380119,2.5487332133952316,0.6738537994059506,-5.821349323319854,2.5487332133952325,0,-5.821349323319865,2.5487332133952316,0.6738537994059506,-5.821349323319854,2.5487332133952325,0,-5.821349323319865,0.03197593105653964
2.82,6.44893837225262,2.57015359586016,0.6795164345242046,-5.870274372983243,2.5701535958601607,0,-5.870274372983268,2.57015359586016,0.6795164345242046,-5.870274372983243,2.5701535958601607,0,-5.870274372983268,0.032244693916133306
2.84,6.503079187638937,2.5917306354989806,0.6852204348953386,-5.9195572741544105,2.5917306354989815,0,-5.919557274154407,2.5917306354989806,0.6852204348953386,-5.9195572741544105,2.5917306354989815,0,-5.919557274154407,0.03251542435089867
2.86,6.557613117539158,2.6134643323119464,0.6909658005192956,-5.969198026833322,2.6134643323119473,0,-5.9691980268333324,2.6134643323119464,0.6909658005192956,-5.969198026833322,2.6134643323119473,0,-5.9691980268333324,0.032788122360835746
2.88,6.612540161953337,2.635354686298945,0.6967525313961982,-6.019196631020041,2.635354686298946,0,-6.019196631020051,2.635354686298945,0.6967525313961982,-6.019196631020041,2.635354686298946,0,-6.019196631020051,0.03306278794594454
2.9,6.667860320881498,2.6574016974599814,0.7025806275259168,-6.069553086714567,2.6574016974599832,0,-6.0695530867145635,2.6574016974599814,0.7025806275259168,-6.069553086714567,2.6574016974599832,0,-6.0695530867145635,0.03333942110622503
2.92,6.723573594323602,2.6796053657950756,0.7084500889084762,-6.120267393916823,2.6796053657950765,0,-6.120267393916826,2.6796053657950756,0.7084500889084762,-6.120267393916823,2.6796053657950765,0,-6.120267393916826,0.03361802184167724
2.94,6.779679982279779,2.7019656913042196,0.7143609155439687,-6.1713395526269,2.7019656913042063,0,-6.171339552626911,2.7019656913042196,0.7143609155439687,-6.1713395526269,2.7019656913042063,0,-6.171339552626911,0.03389859015230114
2.96,6.836179484749975,2.7244826739873513,0.7203131074322666,-6.22276956284475,2.724482673987339,0,-6.222769562844746,2.7244826739873513,0.7203131074322666,-6.22276956284475,2.724482673987339,0,-6.222769562844746,0.034181126038096775
2.98,6.893072101734272,2.7471563138445765,0.7263066645734089,-6.2745574245703715,2.747156313844563,0,-6.274557424570382,2.7471563138445765,0.7263066645734089,-6.2745574245703715,2.747156313844563,0,-6.274557424570382,0.0344656294990641
3.0,6.950357833232697,2.7699866108758178,0.7323415869674363,-6.326703137803783,2.7699866108758187,0,-6.326703137803811,2.7699866108758178,0.7323415869674363,-6.326703137803783,2.7699866108758187,0,-6.326703137803811,0.03475210053520314
3.02,7.008036679245312,2.7929735650811915,0.7384178746142851,-6.379206702544973,2.7929735650811924,0,-6.379206702544991,2.7929735650811915,0.7384178746142851,-6.379206702544973,2.7929735650811924,0,-6.379206702544991,0.03504053914651389
3.04,7.066108639772095,2.816117176460488,0.7445355275141363,-6.432068118793946,2.816117176460489,0,-6.432068118793957,2.816117176460488,0.7445355275141363,-6.432068118793946,2.816117176460489,0,-6.432068118793957,0.03533094533299634
3.06,7.124573714813155,2.839417445013873,0.7506945456667307,-6.485287386550734,2.839417445013874,0,-6.485287386550766,2.839417445013873,0.7506945456667307,-6.485287386550734,2.839417445013874,0,-6.485287386550766,0.035623319094650496
3.08,7.183431904368516,2.862874370741392,0.7568949290721552,-6.538864505815301,2.8628743707413786,0,-6.538864505815319,2.862874370741392,0.7568949290721552,-6.538864505815301,2.8628743707413786,0,-6.538864505815319,0.03591766043147638
3.1,7.242683208438161,2.8864879536428996,0.7631366777305466,-6.592799476587626,2.8864879536428862,0,-6.592799476587658,2.8864879536428996,0.7631366777305466,-6.592799476587626,2.8864879536428862,0,-6.592799476587658,0.036213969343473956
3.12,7.302327627022176,2.910258193718497,0.7694197916417274,-6.647092298867737,2.910258193718512,0,-6.647092298867754,2.910258193718497,0.7694197916417274,-6.647092298867737,2.910258193718512,0,-6.647092298867754,0.03651224583064325
3.14,7.362365160120588,2.9341850909680742,0.7757442708057969,-6.701742972655655,2.934185090968061,0,-6.7017429726556585,2.9341850909680742,0.7757442708057969,-6.701742972655655,2.934185090968061,0,-6.7017429726556585,0.03681248989298424
3.16,7.422984955007239,2.9583441345318535,0.7821304677885124,-6.756923589537468,2.9583441345318544,0,-6.7569235895375,2.9583441345318535,0.7821304677885124,-6.756923589537468,2.9583441345318544,0,-6.7569235895375,0.03711563234545194
3.18,7.484025766474332,2.9826709710525776,0.7885610323336572,-6.812487444022953,2.9826709710525794,0,-6.8124874440229775,2.9826709710525776,0.7885610323336572,-6.812487444022953,2.9826709710525794,0,-6.8124874440229775,0.0374208796822899
3.2,7.545482495468077,3.0071635654853894,0.7950354157743185,-6.86842989684752,3.0071635654853903,0,-6.86842989684753,3.0071635654853894,0.7950354157743185,-6.86842989684752,3.0071635654853903,0,-6.86842989684753,0.037728206810481835
3.22,7.607355952376005,3.0318222412580704,0.8015537053094732,-6.924751685324825,3.0318222412580713,0,-6.924751685324843,3.0318222412580704,0.8015537053094732,-6.924751685324825,3.0318222412580713,0,-6.924751685324843,0.03803761771803604
3.24,7.669646947585781,3.0566473217982155,0.8081159881382831,-6.981453546768723,3.0566473217982164,0,-6.981453546768748,3.0566473217982155,0.8081159881382831,-6.981453546768723,3.0566473217982164,0,-6.981453546768748,0.038349116392960764
3.26,7.732356291484917,3.081639130533503,0.814722351459757,-7.038536218492897,3.0816391305334907,0,-7.038536218492901,3.081639130533503,0.814722351459757,-7.038536218492897,3.0816391305334907,0,-7.038536218492901,0.03866270682326428
3.28,7.795484794460998,3.106797990891578,0.8213728824730175,-7.0960004378110995,3.106797990891593,0,-7.096000437811107,3.106797990891578,0.8213728824730175,-7.0960004378110995,3.106797990891593,0,-7.096000437811107,0.03897839299695486
3.3,7.859033266901664,3.132124226300202,0.8280676683770416,-7.1538469420371165,3.1321242263002027,0,-7.153846942037141,3.132124226300202,0.8280676683770416,-7.1538469420371165,3.1321242263002027,0,-7.153846942037141,0.03929617890204076
3.32,7.9230025191944184,3.157618160186927,0.8348067963710939,-7.21207646848465,3.157618160186928,0,-7.212076468484668,3.157618160186927,0.8348067963710939,-7.21207646848465,3.157618160186928,0,-7.212076468484668,0.039616068526530254
3.34,7.98739336172696,3.1832801159795254,0.8415903536540661,-7.270689754467558,3.1832801159795263,0,-7.2706897544675755,3.1832801159795254,0.8415903536540661,-7.270689754467558,3.1832801159795263,0,-7.2706897544675755,0.0399380658584316
3.36,8.052206604886756,3.209110417105615,0.8484184274251874,-7.329687537299474,3.2091104171056166,0,-7.329687537299478,3.209110417105615,0.8484184274251874,-7.329687537299474,3.2091104171056166,0,-7.329687537299478,0.04026217488575309
3.38,8.117443059061436,3.235109386992881,0.8552911048834524,-7.389070554294211,3.2351093869928675,0,-7.389070554294236,3.235109386992881,0.8552911048834524,-7.389070554294211,3.2351093869928675,0,-7.389070554294236,0.04058839959650297
3.4,8.183103534638555,3.2612773490690072,0.8622084732278488,-7.448839542765505,3.261277349069008,0,-7.448839542765519,3.2612773490690072,0.8622084732278488,-7.448839542765505,3.261277349069008,0,-7.448839542765519,0.04091674397868952
3.42,8.249188842005722,3.287614626761685,0.8691706196575524,-7.508995240027115,3.2876146267616857,0,-7.508995240027133,3.287614626761685,0.8691706196575524,-7.508995240027115,3.2876146267616857,0,-7.508995240027133,0.04124721202032099
3.44,8.315699791550493,3.3141215434984916,0.8761776313716076,-7.569538383392825,3.3141215434984783,0,-7.569538383392832,3.3141215434984916,0.8761776313716076,-7.569538383392825,3.3141215434984783,0,-7.569538383392832,0.04157980770940567
3.46,8.382637193660443,3.340798422707234,0.8832295955691514,-7.63046971017631,3.340798422707236,0,-7.630469710176335,3.340798422707234,0.8832295955691514,-7.63046971017631,3.340798422707236,0,-7.630469710176335,0.0419145350339518
3.48,8.450001858723141,3.367645587815457,0.8903265994491711,-7.6917899576913875,3.367645587815458,0,-7.691789957691427,3.367645587815457,0.8903265994491711,-7.6917899576913875,3.367645587815458,0,-7.691789957691427,0.04225139798196768
3.5,8.517794597126223,3.3946633622509843,0.8974687302107149,-7.753499863251825,3.394663362250986,0,-7.753499863251832,3.3946633622509843,0.8974687302107149,-7.753499863251825,3.394663362250986,0,-7.753499863251832,0.04259040054146156
3.52,8.586016219257187,3.4218520694413312,0.9046560750529693,-7.815600164171336,3.421852069441318,0,-7.8156001641713715,3.4218520694413312,0.9046560750529693,-7.815600164171336,3.421852069441318,0,-7.8156001641713715,0.0429315467004417
3.54,8.654667535503584,3.4492120328142146,0.9118887211749218,-7.878091597763639,3.4492120328142164,0,-7.87809159776365,3.4492120328142146,0.9118887211749218,-7.878091597763639,3.4492120328142164,0,-7.87809159776365,0.04327484044691638
3.56,8.723749356253185,3.4767435757974923,0.9191667557755459,-7.940974901342631,3.476743575797494,0,-7.9409749013426065,3.4767435757974923,0.9191667557755459,-7.940974901342631,3.476743575797494,0,-7.9409749013426065,0.04362028576889386
3.58,8.793262491893294,3.504447021818504,0.9264902660542127,-8.00425081222189,3.504447021818505,0,-8.004250812221905,3.504447021818504,0.9264902660542127,-8.00425081222189,3.504447021818505,0,-8.004250812221905,0.043967886654382435
3.6,8.863207752811643,3.532322694305143,0.9338593392098815,-8.06792006771525,3.5323226943051296,0,-8.06792006771525,3.532322694305143,0.9338593392098815,-8.06792006771525,3.5323226943051296,0,-8.06792006771525,0.044317647091390314
3.62,8.93358594939583,3.5603709166850983,0.9412740624413019,-8.131983405136527,3.560370916685086,0,-8.13198340513651,3.5603709166850983,0.9412740624413019,-8.131983405136527,3.560370916685086,0,-8.13198340513651,0.04466957106792582
3.64,9.004397892033296,3.588592012385937,0.9487345229479978,-8.196441561799315,3.588592012385938,0,-8.196441561799354,3.588592012385937,0.9487345229479978,-8.196441561799315,3.588592012385938,0,-8.196441561799354,0.04502366257199719
3.66,9.07564439111174,3.6169863048353577,0.9562408079287934,-8.261295275017531,3.6169863048353594,0,-8.261295275017531,3.6169863048353577,0.9562408079287934,-8.261295275017531,3.6169863048353594,0,-8.261295275017531,0.045379925591612726
3.68,9.14732625701865,3.6455541174610566,0.9637930045827936,-8.326545282104803,3.645554117461044,0,-8.326545282104817,3.6455541174610566,0.9637930045827936,-8.326545282104803,3.645554117461044,0,-8.326545282104817,0.04573836411478065
3.7,9.219444300141763,3.6742957736907957,0.9713912001091458,-8.392192320375027,3.6742957736907833,0,-8.392192320375038,3.6742957736907957,0.9713912001091458,-8.392192320375027,3.6742957736907833,0,-8.392192320375038,0.04609898212950925
3.72,9.291999330868357,3.703211596951962,0.9790354817069122,-8.45823712714175,3.703211596951963,0,-8.458237127141778,3.703211596951962,0.9790354817069122,-8.45823712714175,3.703211596951963,0,-8.458237127141778,0.046461783623806804
3.74,9.364992159586365,3.732301910672647,0.9867259365750094,-8.524680439718946,3.732301910672648,0,-8.524680439718956,3.732301910672647,0.9867259365750094,-8.524680439718946,3.732301910672648,0,-8.524680439718956,0.04682677258568157
3.76,9.438423596683108,3.7615670382801447,0.9944626519127944,-8.591522995420227,3.7615670382801465,0,-8.591522995420227,3.7615670382801447,0.9944626519127944,-8.591522995420227,3.7615670382801465,0,-8.591522995420227,0.04719395300314181
3.78,9.512294452546307,3.7910073032023845,1.002245714918967,-8.658765531559432,3.7910073032023863,0,-8.658765531559432,3.7910073032023845,1.002245714918967,-8.658765531559432,3.7910073032023863,0,-8.658765531559432,0.0475633288641958
3.8,9.586605537563415,3.8206230288668337,1.0100752127930122,-8.726408785450207,3.8206230288668355,0,-8.726408785450204,3.8206230288668337,1.0100752127930122,-8.726408785450207,3.8206230288668355,0,-8.726408785450204,0.0479349041568518
3.82,9.661357662122015,3.850414538701198,1.0179512327337576,-8.794453494406326,3.8504145387012,0,-8.794453494406355,3.850414538701198,1.0179512327337576,-8.794453494406326,3.8504145387012,0,-8.794453494406355,0.048308682869118075
3.84,9.736551636609864,3.8803821561333685,1.025873861940216,-8.862900395741654,3.8803821561333685,0,-8.862900395741661,3.8803821561333685,1.025873861940216,-8.862900395741654,3.8803821561333685,0,-8.862900395741661,0.0486846689890029
3.86,9.812188271414433,3.910526204590825,1.0338431876115877,-8.931750226769879,3.9105262045907985,0,-8.931750226769921,3.910526204590825,1.0338431876115877,-8.931750226769879,3.9105262045907985,0,-8.931750226769921,0.04906286650451455
3.88,9.888268376923318,3.9408470075013806,1.0418592969469422,-9.001003724804704,3.9408470075013824,0,-9.001003724804718,3.9408470075013806,1.0418592969469422,-9.001003724804704,3.9408470075013824,0,-9.001003724804718,0.04944327940366128
3.9,9.964755350349277,3.971329973834754,1.0499183197652648,-9.070627574084192,3.971329973834756,0,-9.070627574084185,3.971329973834754,1.0499183197652648,-9.070627574084192,3.971329973834756,0,-9.070627574084185,0.04982572514704607
3.92,10.040394865818921,4.001475077162743,1.0578875811753576,-9.139480100179533,4.001475077162745,0,-9.13948010017954,4.001475077162743,1.0578875811753576,-9.139480100179533,4.001475077162745,0,-9.13948010017954,0.05020395010590337
3.94,10.11637024150821,4.031754038019441,1.0658922481867918,-9.208638346479809,4.031754038019443,0,-9.20863834647983,4.031754038019441,1.0658922481867918,-9.208638346479809,4.031754038019443,0,-9.20863834647983,0.050583853787956254
3.96,10.192679147817515,4.062165928102376,1.073932075866331,-9.278100192315556,4.062165928102377,0,-9.278100192315591,4.062165928102376,1.073932075866331,-9.278100192315556,4.062165928102377,0,-9.278100192315591,0.05096542452646905
3.98,10.269319255147188,4.092709819108684,1.0820068192808279,-9.347863517017451,4.092709819108684,0,-9.34786351701743,4.092709819108684,1.0820068192808279,-9.347863517017451,4.092709819108684,0,-9.34786351701743,0.05134865065470613
4.0,10.34628823389751,4.123384782735707,1.0901162334970032,-9.417926199916018,4.12338478273568,0,-9.417926199916039,4.123384782735707,1.0901162334970032,-9.417926199916018,4.12338478273568,0,-9.417926199916039,0.05173352050593184
4.02,10.423583754468925,4.1541898906807955,1.0982600735818764,-9.488286120341918,4.154189890680769,0,-9.48828612034194,4.1541898906807955,1.0982600735818764,-9.488286120341918,4.154189890680769,0,-9.48828612034194,0.05212002241341051
4.04,10.501203487261837,4.185124214641364,1.1064380946018275,-9.558941157625817,4.185124214641366,0,-9.558941157625824,4.185124214641364,1.1064380946018275,-9.558941157625817,4.185124214641366,0,-9.558941157625824,0.0525081447104065
4.06,10.579145102676378,4.216186826314411,1.1146500516240465,-9.62988919109818,4.216186826314441,0,-9.6298891910982,4.216186826314411,1.1146500516240465,-9.62988919109818,4.216186826314441,0,-9.6298891910982,0.052897875730184146
4.08,10.657406271113176,4.247376797397688,1.1228956997150945,-9.70112810008974,4.247376797397688,0,-9.701128100089775,4.247376797397688,1.1228956997150945,-9.70112810008974,4.247376797397688,0,-9.701128100089775,0.05328920380600781
4.1,10.735984662972374,4.278693199588188,1.1311747939418417,-9.772655763931006,4.27869319958819,0,-9.772655763931056,4.278693199588188,1.1311747939418417,-9.772655763931006,4.27869319958819,0,-9.772655763931056,0.05368211727114181
4.12,10.814877948654463,4.310135104583312,1.1394870893711122,-9.844470061952698,4.310135104583313,0,-9.84447006195272,4.310135104583312,1.1394870893711122,-9.844470061952698,4.310135104583313,0,-9.84447006195272,0.05407660445885054
4.14,10.894083798559649,4.3417015840803455,1.1478323410696447,-9.916568873485268,4.341701584080347,0,-9.916568873485332,4.3417015840803455,1.1478323410696447,-9.916568873485268,4.341701584080347,0,-9.916568873485332,0.05447265370239829
4.16,10.973599883088497,4.373391709776831,1.1562103041042455,-9.988950077859464,4.373391709776833,0,-9.988950077859485,4.373391709776831,1.1562103041042455,-9.988950077859464,4.373391709776833,0,-9.988950077859485,0.05487025333504946
4.18,11.0534238726412,4.405204553369776,1.1646207335417458,-10.061611554405836,4.405204553369778,0,-10.061611554405843,4.405204553369776,1.1646207335417458,-10.061611554405836,4.405204553369778,0,-10.061611554405843,0.055269391690068365
4.2,11.133553437618108,4.437139186556619,1.1730633844489056,-10.134551182454935,4.437139186556621,0,-10.134551182454956,4.437139186556619,1.1730633844489056,-10.134551182454935,4.437139186556621,0,-10.134551182454956,0.055670057100719365
4.22,11.21398624841973,4.469194681034805,1.1815380118924246,-10.207766841337495,4.469194681034807,0,-10.207766841337516,4.469194681034805,1.1815380118924246,-10.207766841337495,4.469194681034807,0,-10.207766841337516,0.0560722379002668
4.24,11.294719975446249,4.50137010850141,1.1900443709392157,-10.281256410384024,4.5013701085013835,0,-10.281256410384032,4.50137010850141,1.1900443709392157,-10.281256410384024,4.5013701085013835,0,-10.281256410384032,0.05647592242197503
4.26,11.375752289098134,4.533664540653978,1.1985822166560958,-10.355017768925144,4.53366454065398,0,-10.355017768925165,4.533664540653978,1.1985822166560958,-10.355017768925144,4.53366454065398,0,-10.355017768925165,0.056881098999108363
4.28,11.457080859775672,4.5660770491896745,1.2071513041097575,-10.429048796291461,4.566077049189676,0,-10.429048796291482,4.5660770491896745,1.2071513041097575,-10.429048796291461,4.566077049189676,0,-10.429048796291482,0.05728775596493121
4.3,11.538703357879333,4.5986067058059685,1.215751388367032,-10.50334737181364,4.598606705805942,0,-10.50334737181366,4.5986067058059685,1.215751388367032,-10.50334737181364,4.598606705805942,0,-10.50334737181366,0.05769588165270785
4.32,11.62061745380925,4.6312525821998864,1.2243822244948497,-10.577911374822143,4.63125258219986,0,-10.577911374822165,4.6312525821998864,1.2243822244948497,-10.577911374822143,4.63125258219986,0,-10.577911374822165,0.058105464395702695
4.34,11.702820817966067,4.664013750069092,1.2330435675598252,-10.652738684647765,4.6640137500690635,0,-10.652738684647773,4.664013750069092,1.2330435675598252,-10.652738684647765,4.6640137500690635,0,-10.652738684647773,0.05851649252718001
4.36,11.785311120749954,4.696889281110705,1.2417351726287258,-10.727827180620999,4.696889281110707,0,-10.727827180621006,4.696889281110705,1.2417351726287258,-10.727827180620999,4.696889281110707,0,-10.727827180621006,0.05892895438040424
4.38,11.868086032561308,4.729878247022073,1.2504567947684855,-10.80317474207245,4.729878247022075,0,-10.803174742072486,4.729878247022073,1.2504567947684855,-10.80317474207245,4.729878247022075,0,-10.803174742072486,0.05934283828863965
4.4,11.951143223800393,4.762979719500448,1.2592081890459639,-10.878779248332656,4.7629797195004215,0,-10.878779248332691,4.762979719500448,1.2592081890459639,-10.878779248332656,4.7629797195004215,0,-10.878779248332691,0.05975813258515064
4.42,12.034480364867807,4.796192770243325,1.2679891105276297,-10.954638578732435,4.7961927702433265,0,-10.954638578732485,4.796192770243325,1.2679891105276297,-10.954638578732435,4.7961927702433265,0,-10.954638578732485,0.06017482560320152
4.44,12.118095126163851,4.829516470947999,1.2767993142805416,-11.030750612602311,4.8295164709480005,0,-11.030750612602361,4.829516470947999,1.2767993142805416,-11.030750612602311,4.8295164709480005,0,-11.030750612602361,0.060592905676056664
4.46,12.201985178088659,4.862949893311578,1.2856385553714986,-11.107113229272734,4.862949893311608,0,-11.107113229272755,4.862949893311578,1.2856385553714986,-11.107113229272734,4.862949893311608,0,-11.107113229272755,0.06101236113698039
4.48,12.28614819104281,4.896492109031636,1.2945065888670229,-11.183724308074467,4.896492109031637,0,-11.183724308074474,4.896492109031636,1.2945065888670229,-11.183724308074467,4.896492109031637,0,-11.183724308074474,0.06143318031923708
4.5,12.370581835426563,4.930142189805215,1.3034031698343007,-11.260581728338074,4.930142189805217,0,-11.260581728338053,4.930142189805215,1.3034031698343007,-11.260581728338074,4.930142189805217,0,-11.260581728338053,0.06185535155609104
4.52,12.455283781640306,4.963899207329883,1.3123280533398578,-11.33768336939412,4.963899207329884,0,-11.337683369394142,4.963899207329883,1.3123280533398578,-11.33768336939412,4.963899207329884,0,-11.337683369394142,0.062278863180806686
4.54,12.540251700084486,4.997762233302845,1.3212809944504613,-11.415027110573355,4.997762233302819,0,-11.41502711057339,4.997762233302845,1.3212809944504613,-11.415027110573355,4.997762233302819,0,-11.41502711057339,0.06270370352664828
4.56,12.625483261159285,5.031730339421392,1.3302617482331414,-11.492610831206171,5.031730339421394,0,-11.492610831206179,5.031730339421392,1.3302617482331414,-11.492610831206171,5.031730339421394,0,-11.492610831206179,0.06312986092688021
4.58,12.71097613526518,5.065802597382779,1.339270069754594,-11.570432410623333,5.065802597382781,0,-11.570432410623368,5.065802597382779,1.339270069754594,-11.570432410623333,5.065802597382781,0,-11.570432410623368,0.06355732371476683
4.6,12.796727992802627,5.099978078884645,1.348305714081448,-11.648489728155432,5.0999780788846465,0,-11.648489728155411,5.099978078884645,1.348305714081448,-11.648489728155432,5.0999780788846465,0,-11.648489728155411,0.06398608022357247
4.62,12.882736504171813,5.134255855623991,1.357368436280737,-11.726780663132992,5.134255855623994,0,-11.726780663132999,5.134255855623991,1.357368436280737,-11.726780663132992,5.134255855623994,0,-11.726780663132999,0.06441611878656149
4.64,12.968999339773212,5.168634999298272,1.3664579914189474,-11.805303094886717,5.168634999298245,0,-11.805303094886739,5.168634999298272,1.3664579914189474,-11.805303094886717,5.168634999298245,0,-11.805303094886739,0.06484742773699823
4.66,13.055249507894445,5.2030091225832,1.3755463238560885,-11.883813973755856,5.203009122583204,0,-11.883813973755906,5.2030091225832,1.3755463238560885,-11.883813973755856,5.203009122583204,0,-11.883813973755906,0.0652786694131884
4.68,13.138969795451652,5.236375200016544,1.384368924584784,-11.960021813453231,5.236375200016546,0,-11.960021813453238,5.236375200016544,1.384368924584784,-11.960021813453231,5.236375200016546,0,-11.960021813453238,0.0656972322231986
4.7,13.222700930071154,5.269745626750984,1.3931927732440421,-12.03623950623679,5.269745626750986,0,-12.036239506236825,5.269745626750984,1.3931927732440421,-12.03623950623679,5.269745626750986,0,-12.036239506236825,0.06611584557995738
4.72,13.306434522910356,5.303117060078064,1.4020169881949123,-12.112459415546219,5.3031170600780655,0,-12.112459415546269,5.303117060078064,1.4020169881949123,-12.112459415546219,5.3031170600780655,0,-12.112459415546269,0.0665344674590552
4.74,13.39016218512612,5.336486157288418,1.4108406877987107,-12.188673904820966,5.336486157288391,0,-12.188673904820973,5.336486157288418,1.4108406877987107,-12.188673904820966,5.336486157288391,0,-12.188673904820973,0.06695305583608252
4.76,13.473875527875734,5.369849575673351,1.4196629904164588,-12.264875337500676,5.369849575673353,0,-12.264875337500698,5.369849575673351,1.4196629904164588,-12.264875337500676,5.369849575673353,0,-12.264875337500698,0.0673715686866298
4.78,13.557566162316043,5.4032039725236505,1.428483014409494,-12.341056077024696,5.403203972523652,0,-12.341056077024732,5.4032039725236505,1.428483014409494,-12.341056077024696,5.403203972523652,0,-12.341056077024732,0.06778996398628756
4.8,13.641225699604426,5.436546005130463,1.4372998781391466,-12.417208486832799,5.436546005130467,0,-12.417208486832848,5.436546005130463,1.4372998781391466,-12.417208486832799,5.436546005130467,0,-12.417208486832848,0.06820819971064622
4.82,13.724845750897853,5.469872330784833,1.4461126999665446,-12.493324930364373,5.469872330784835,0,-12.493324930364395,5.469872330784833,1.4461126999665446,-12.493324930364373,5.469872330784835,0,-12.493324930364395,0.0686262338352963
4.84,13.808417927353368,5.50317960677752,1.4549205982529791,-12.56939777105898,5.503179606777522,0,-12.569397771058988,5.50317960677752,1.4549205982529791,-12.56939777105898,5.503179606777522,0,-12.569397771058988,0.06904402433582821
4.86,13.891933840128157,5.536464490399691,1.4637226913595853,-12.64541937235618,5.536464490399695,0,-12.645419372356173,5.536464490399691,1.4637226913595853,-12.64541937235618,5.536464490399695,0,-12.645419372356173,0.06946152918783247
4.88,13.97538510037947,5.569723638942621,1.4725180976476224,-12.721382097695532,5.569723638942623,0,-12.72138209769551,5.569723638942621,1.4725180976476224,-12.721382097695532,5.569723638942623,0,-12.72138209769551,0.06987870636689952
4.9,14.058763319264337,5.60295370969706,1.48130593547819,-12.797278310516603,5.602953709697033,0,-12.797278310516646,5.60295370969706,1.48130593547819,-12.797278310516603,5.602953709697033,0,-12.797278310516646,0.07029551384861989
4.92,14.142060107939912,5.636151359954011,1.4900853232128455,-12.873100374258904,5.636151359954013,0,-12.87310037425894,5.636151359954011,1.4900853232128455,-12.873100374258904,5.636151359954013,0,-12.87310037425894,0.07071190960858394
4.94,14.225267077563316,5.66931324700465,1.4988553792123618,-12.948840652361945,5.669313247004624,0,-12.948840652361952,5.66931324700465,1.4988553792123618,-12.948840652361945,5.669313247004624,0,-12.948840652361952,0.07112785162238229
4.96,14.308375839291639,5.702436028139848,1.5076152218383,-13.024491508265221,5.70243602813985,0,-13.024491508265271,5.702436028139848,1.5076152218383,-13.024491508265221,5.70243602813985,0,-13.024491508265271,0.07154329786560526
4.98,14.391378004282192,5.735516360650669,1.516363969451774,-13.100045305408436,5.735516360650642,0,-13.100045305408415,5.735516360650669,1.516363969451774,-13.100045305408436,5.735516360650642,0,-13.100045305408415,0.07195820631384343
5.0,14.474265183691966,5.768550901828052,1.525100740413908,-13.175494407230993,5.768550901828025,0,-13.175494407231028,5.768550901828052,1.525100740413908,-13.175494407230993,5.768550901828025,0,-13.175494407231028,0.07237253494268722
5.02,14.557028988678333,5.801536308963243,1.53382465308621,-13.250831177172515,5.801536308963247,0,-13.250831177172557,5.801536308963243,1.53382465308621,-13.250831177172515,5.801536308963247,0,-13.250831177172557,0.07278624172772713
5.04,14.639661030398319,5.834469239347101,1.5425348258295664,-13.326047978672484,5.834469239347104,0,-13.326047978672477,5.834469239347101,1.5425348258295664,-13.326047978672484,5.834469239347104,0,-13.326047978672477,0.07319928464455361
5.06,14.7221529200091,5.867346350270552,1.5512303770054423,-13.401137175170454,5.867346350270555,0,-13.401137175170447,5.867346350270552,1.5512303770054423,-13.401137175170454,5.867346350270555,0,-13.401137175170447,0.07361162166875714
5.08,14.804496268667943,5.900164299024803,1.5599104249749338,-13.476091130105978,5.900164299024805,0,-13.476091130106,5.900164299024803,1.5599104249749338,-13.476091130105978,5.900164299024805,0,-13.476091130106,0.07402321077592816
5.1,14.886682687532048,5.932919742900799,1.568574088099183,-13.550902206918643,5.9329197429008005,0,-13.550902206918664,5.932919742900799,1.568574088099183,-13.550902206918643,5.9329197429008005,0,-13.550902206918664,0.0744340099416572
5.12,14.968703787758656,5.965609339189635,1.5772204847395415,-13.625562769047974,5.965609339189637,0,-13.625562769047988,5.965609339189635,1.5772204847395415,-13.625562769047974,5.965609339189637,0,-13.625562769047988,0.0748439771415347
5.14,15.05055118050479,5.998229745182051,1.5858487332573148,-13.700065179933425,5.998229745182083,0,-13.700065179933475,5.998229745182051,1.5858487332573148,-13.700065179933425,5.998229745182083,0,-13.700065179933475,0.07525307035115113
5.16,15.132216476927773,6.030777618169312,1.59445795201367,-13.774401803014534,6.030777618169314,0,-13.774401803014584,6.030777618169312,1.59445795201367,-13.774401803014534,6.030777618169314,0,-13.774401803014584,0.07566124754609696
5.18,15.213691288185064,6.063249615442524,1.6030472593696246,-13.848565001731089,6.063249615442526,0,-13.848565001731117,6.063249615442524,1.6030472593696246,-13.848565001731089,6.063249615442526,0,-13.848565001731117,0.07606846670196268
5.2,15.294967225433652,6.09564239429257,1.6116157736865588,-13.9225471395224,6.095642394292572,0,-13.922547139522408,6.09564239429257,1.6116157736865588,-13.9225471395224,6.095642394292572,0,-13.922547139522408,0.07647468579433873
5.22,15.376035899830704,6.1279526120103895,1.6201626133257037,-13.996340579827951,6.127952612010365,0,-13.996340579828015,6.1279526120103895,1.6201626133257037,-13.996340579827951,6.127952612010365,0,-13.996340579828015,0.0768798627988156
5.24,15.456888922533613,6.160176925886963,1.6286868966483325,-14.069937686087457,6.160176925886965,0,-14.069937686087513,6.160176925886963,1.6286868966483325,-14.069937686087457,6.160176925886965,0,-14.069937686087513,0.07728395569098377
5.26,15.53751790469969,6.192311993213549,1.6371877420154775,-14.143330821740413,6.192311993213522,0,-14.143330821740463,6.192311993213549,1.6371877420154775,-14.143330821740413,6.192311993213522,0,-14.143330821740463,0.07768692244643367
5.28,15.617914457486204,6.2243544712810515,1.6456642677887174,-14.216512350226374,6.224354471281053,0,-14.216512350226424,6.2243544712810515,1.6456642677887174,-14.216512350226374,6.224354471281053,0,-14.216512350226424,0.07808872104075586
5.3,15.698070192050306,6.256301017380416,1.6541155923287505,-14.289474634984828,6.256301017380419,0,-14.289474634984856,6.256301017380416,1.6541155923287505,-14.289474634984828,6.256301017380419,0,-14.289474634984856,0.07848930944954072
5.32,15.777976719549315,6.2881482888027005,1.6625408339972836,-14.36221003945527,6.288148288802674,0,-14.362210039455348,6.2881482888027005,1.6625408339972836,-14.36221003945527,6.288148288802674,0,-14.362210039455348,0.07888864564837875
5.34,15.857625651140566,6.319892942838859,1.6709391111553344,-14.43471092707734,6.319892942838862,0,-14.434710927077404,6.319892942838859,1.6709391111553344,-14.43471092707734,6.319892942838862,0,-14.434710927077404,0.07928668761286042
5.36,15.937008597981473,6.3515316367801535,1.6793095421640842,-14.506969661290583,6.351531636780155,0,-14.506969661290611,6.3515316367801535,1.6793095421640842,-14.506969661290583,6.351531636780155,0,-14.506969661290611,0.07968339331857624
5.38,16.016117171229226,6.3830610279174,1.6876512453847567,-14.578978605534495,6.383061027917375,0,-14.578978605534516,6.3830610279174,1.6876512453847567,-14.578978605534495,6.383061027917375,0,-14.578978605534516,0.0800787207411166
5.4,16.094942982041232,6.414477773541648,1.695963339178867,-14.650730123248643,6.414477773541623,0,-14.650730123248692,6.414477773541648,1.695963339178867,-14.650730123248643,6.414477773541623,0,-14.650730123248692,0.08047262785607207
5.42,16.17322471060251,6.445677540904072,1.7042175444083156,-14.721986489393892,6.445677540904075,0,-14.72198648939397,6.445677540904072,1.7042175444083156,-14.721986489393892,6.445677540904075,0,-14.72198648939397,0.0808638342120925
5.44,16.24972041983279,6.476164457320051,1.7122793614130245,-14.79161792236642,6.476164457320053,0,-14.791617922366441,6.476164457320051,1.7122793614130245,-14.79161792236642,6.476164457320053,0,-14.791617922366441,0.08124625795756417
5.46,16.32577349645047,6.50647491575217,1.7202943329671427,-14.860846480727453,6.5064749157522,0,-14.860846480727503,6.50647491575217,1.7202943329671427,-14.860846480727453,6.5064749157522,0,-14.860846480727503,0.08162647577222117
5.48,16.401372105687862,6.536604197605524,1.728261204169229,-14.929661393197506,6.536604197605527,0,-14.929661393197534,6.536604197605524,1.728261204169229,-14.929661393197506,6.536604197605527,0,-14.929661393197534,0.08200442875936048
5.5,16.47650441277767,6.566547584285811,1.7361787201180903,-14.998051888497208,6.566547584285814,0,-14.998051888497216,6.566547584285811,1.7361787201180903,-14.998051888497208,6.566547584285814,0,-14.998051888497216,0.08238005802227907
5.52,16.551158582952638,6.596300357198709,1.7440456259118449,-15.066007195347325,6.596300357198711,0,-15.066007195347382,6.596300357198709,1.7440456259118449,-15.066007195347325,6.596300357198711,0,-15.066007195347382,0.08275330466427398
5.54,16.62532278144507,6.625857797749566,1.7518606666492431,-15.133516542468193,6.625857797749539,0,-15.133516542468243,6.625857797749566,1.7518606666492431,-15.133516542468193,6.625857797749539,0,-15.133516542468243,0.08312410978864215
5.56,16.698985173488072,6.655215187344165,1.7596225874287654,-15.200569158580826,6.655215187344169,0,-15.200569158580876,6.655215187344165,1.7596225874287654,-15.200569158580826,6.655215187344169,0,-15.200569158580876,0.08349241449868064
5.58,16.77213392431411,6.684367807388108,1.7673301333484304,-15.267154272405683,6.68436780738811,0,-15.267154272405705,6.684367807388108,1.7673301333484304,-15.267154272405683,6.68436780738811,0,-15.267154272405705,0.08385815989768637
5.6,16.844757199155985,6.713310939286989,1.7749820495071944,-15.33326111266345,6.713310939286991,0,-15.333261112663479,6.713310939286989,1.7749820495071944,-15.33326111266345,6.713310939286991,0,-15.333261112663479,0.0842212870889564
5.62,16.916843163246313,6.7420398644461255,1.7825770810033035,-15.398878908074785,6.742039864446099,0,-15.398878908074806,6.7420398644461255,1.7825770810033035,-15.398878908074785,6.742039864446099,0,-15.398878908074806,0.08458173717578767
5.64,16.9883799818177,6.770549864271276,1.7901139729353446,-15.463996887360096,6.770549864271278,0,-15.463996887360182,6.770549864271276,1.7901139729353446,-15.463996887360096,6.770549864271278,0,-15.463996887360182,0.0849394512614772
5.66,17.059355820103374,6.798836220168235,1.7975914704017413,-15.528604279240447,6.798836220168237,0,-15.528604279240469,6.798836220168235,1.7975914704017413,-15.528604279240447,6.798836220168237,0,-15.528604279240469,0.08529437044932198
5.68,17.129758843335548,6.826894213542026,1.8050083185011303,-15.592690312436055,6.826894213542001,0,-15.592690312436062,6.826894213542026,1.8050083185011303,-15.592690312436055,6.826894213542001,0,-15.592690312436062,0.08564643584261897
5.7,17.199577216747457,6.854719125798738,1.8123632623316226,-15.656244215667861,6.854719125798741,0,-15.656244215667911,6.854719125798738,1.8123632623316226,-15.656244215667861,6.854719125798741,0,-15.656244215667911,0.08599558854466521
5.72,17.268799105571716,6.882306238343716,1.8196550469921675,-15.719255217656283,6.88230623834372,0,-15.719255217656325,6.882306238343716,1.8196550469921675,-15.719255217656283,6.88230623834372,0,-15.719255217656325,0.08634176965875767
5.74,17.337412675041513,6.909650832582891,1.8268824175808476,-15.781712547122233,6.909650832582866,0,-15.781712547122282,6.909650832582891,1.8268824175808476,-15.781712547122233,6.909650832582866,0,-15.781712547122282,0.08668492028819334
5.76,17.405406090389306,6.936748189921174,1.8340441191963777,-15.843605432786099,6.936748189921175,0,-15.84360543278612,6.936748189921174,1.8340441191963777,-15.843605432786099,6.936748189921175,0,-15.84360543278612,0.08702498153626922
5.78,17.47276751684837,6.963593591764893,1.8411388969370535,-15.904923103368603,6.963593591764894,0,-15.90492310336866,6.963593591764893,1.8411388969370535,-15.904923103368603,6.963593591764894,0,-15.90492310336866,0.08736189450628233
5.8,17.539485119651538,6.990182319519066,1.8481654959012985,-15.965654787590474,6.99018231951904,0,-15.965654787590523,6.990182319519066,1.8481654959012985,-15.965654787590474,6.99018231951904,0,-15.965654787590523,0.08769560030152959
5.82,17.605547064031907,7.0165096545896795,1.8551226611879272,-16.025789714172262,7.016509654589683,0,-16.02578971417229,7.0165096545896795,1.8551226611879272,-16.025789714172262,7.016509654589683,0,-16.02578971417229,0.08802604002530807
5.84,17.670941515222413,7.042570878382044,1.862009137895214,-16.085317111834605,7.0425708783820475,0,-16.085317111834684,7.042570878382044,1.862009137895214,-16.085317111834605,7.0425708783820475,0,-16.085317111834684,0.0883531547809147
5.86,17.73565663845595,7.068361272301498,1.8688236711216035,-16.14422620929806,7.068361272301502,0,-16.144226209298168,7.068361272301498,1.8688236711216035,-16.14422620929806,7.068361272301502,0,-16.144226209298168,0.08867688567164653
5.88,17.799680598966166,7.093876117754371,1.8755650059657114,-16.202506235283508,7.093876117754373,0,-16.202506235283522,7.093876117754371,1.8755650059657114,-16.202506235283508,7.093876117754373,0,-16.202506235283522,0.0889971738008005
5.9,17.863001561985932,7.119110696145686,1.8822318875258262,-16.260146418511518,7.119110696145661,0,-16.260146418511596,7.119110696145686,1.8822318875258262,-16.260146418511518,7.119110696145661,0,-16.260146418511596,0.08931396027167361
5.92,17.925607692748194,7.144060288880899,1.8888230609005774,-16.31713598770248,7.144060288880873,0,-16.3171359877025,7.144060288880899,1.8888230609005774,-16.31713598770248,7.144060288880873,0,-16.3171359877025,0.08962718618756291
5.94,17.987487156486697,7.168720177366197,1.8953372711883532,-16.373464171577297,7.1687201773662,0,-16.373464171577353,7.168720177366197,1.8953372711883532,-16.373464171577297,7.1687201773662,0,-16.373464171577353,0.08993679265176532
5.96,18.04862811843453,7.193085643006754,1.9017732634873852,-16.429120198856587,7.193085643006729,0,-16.429120198856666,7.193085643006754,1.9017732634873852,-16.429120198856587,7.193085643006729,0,-16.429120198856666,0.09024272076757786
5.98,18.109018743824898,7.217151967207977,1.9081297828969923,-16.484093298260795,7.217151967207979,0,-16.484093298260845,7.217151967207977,1.9081297828969923,-16.484093298260795,7.217151967207979,0,-16.484093298260845,0.09054491163829756
6.0,18.16864719789172,7.240914431376053,1.9144055745147028,-16.538372698510955,7.240914431376055,0,-16.538372698510955,7.240914431376053,1.9144055745147028,-16.538372698510955,7.240914431376055,0,-16.538372698510955,0.09084330636722135
6.02,18.227501645867818,7.264368316915872,1.920599383439459,-16.591947628327247,7.264368316915874,0,-16.591947628327276,7.264368316915872,1.920599383439459,-16.591947628327247,7.264368316915874,0,-16.591947628327276,0.09113784605764626
6.04,18.285570252987036,7.287508905233402,1.9267099547696134,-16.644807316430494,7.287508905233405,0,-16.644807316430516,7.287508905233402,1.9267099547696134,-16.644807316430494,7.287508905233405,0,-16.644807316430516,0.09142847181286927
6.06,18.342841184482914,7.310331477733982,1.932736033603753,-16.69694099154139,7.310331477733957,0,-16.696940991541467,7.310331477733982,1.932736033603753,-16.69694099154139,7.310331477733957,0,-16.696940991541467,0.09171512473618737
6.08,18.399302605589327,7.3328313158237215,1.9386763650402514,-16.748337882380582,7.332831315823697,0,-16.74833788238064,7.3328313158237215,1.9386763650402514,-16.748337882380582,7.332831315823697,0,-16.74833788238064,0.09199774593089757
6.1,18.45494268153977,7.35500370090757,1.9445296941775752,-16.79898721766873,7.355003700907545,0,-16.79898721766881,7.35500370090757,1.9445296941775752,-16.79898721766873,7.355003700907545,0,-16.79898721766881,0.09227627650029686
6.12,18.509749577568186,7.376843914391664,1.9502947661142898,-16.848878226126423,7.376843914391667,0,-16.848878226126473,7.376843914391664,1.9502947661142898,-16.848878226126423,7.376843914391667,0,-16.848878226126473,0.0925506575476822
6.14,18.563711458908273,7.3983472376812,1.9559703259489325,-16.898000136474266,7.398347237681204,0,-16.898000136474295,7.3983472376812,1.9559703259489325,-16.898000136474266,7.398347237681204,0,-16.898000136474295,0.09282083017635065
6.16,18.61681649079405,7.419508952181825,1.9615551187796498,-16.946342177433003,7.419508952181829,0,-16.946342177433024,7.419508952181825,1.9615551187796498,-16.946342177433003,7.419508952181829,0,-16.946342177433024,0.09308673548959912
6.18,18.66950501971513,7.4405049043506715,1.9670969437746066,-16.994304907431925,7.440504904350647,0,-16.99430490743201,7.4405049043506715,1.9670969437746066,-16.994304907431925,7.440504904350647,0,-16.99430490743201,0.09335052601180009
6.2,18.72308156043229,7.461856020384188,1.9727373478401518,-17.043074981362814,7.4618560203841895,0,-17.04307498136285,7.461856020384188,1.9727373478401518,-17.043074981362814,7.4618560203841895,0,-17.04307498136285,0.093618580537018
6.22,18.775937189166562,7.482919831988939,1.978301818750559,-17.091188825229978,7.482919831988884,0,-17.091188825230006,7.482919831988939,1.978301818750559,-17.091188825229978,7.482919831988884,0,-17.091188825230006,0.09388302950359284
6.24,18.82806445002037,7.503693369141891,1.9837895766373208,-17.13863965102197,7.503693369141892,0,-17.13863965102199,7.503693369141891,1.9837895766373208,-17.13863965102197,7.503693369141892,0,-17.13863965102199,0.09414383542995654
6.26,18.87945588709471,7.524173661818159,1.9891998416328676,-17.185420670726444,7.5241736618181605,0,-17.185420670726472,7.524173661818159,1.9891998416328676,-17.185420670726444,7.5241736618181605,0,-17.185420670726472,0.09440096083454091
6.28,18.93010404449119,7.5443577399935275,1.9945318338698357,-17.231525096331417,7.544357739993529,0,-17.231525096331467,7.5443577399935275,1.9945318338698357,-17.231525096331417,7.544357739993529,0,-17.231525096331467,0.09465436823577789
6.3,18.98000146631116,7.5642426336438895,1.9997847734796181,-17.27694613982473,7.5642426336439215,0,-17.276946139824815,7.5642426336438895,1.9997847734796181,-17.27694613982473,7.5642426336439215,0,-17.276946139824815,0.09490402015209926
6.32,19.029140696656157,7.583825372745,2.004957880594837,-17.321677013194375,7.583825372745004,0,-17.321677013194403,7.583825372745,2.004957880594837,-17.321677013194375,7.583825372745004,0,-17.321677013194403,0.09514987910193691
6.34,19.077514279627422,7.6031029872724805,2.0100503753475323,-17.365710928428122,7.603102987272482,0,-17.36571092842817,7.6031029872724805,2.0100503753475323,-17.365710928428122,7.603102987272482,0,-17.36571092842817,0.09539190760372268
6.36,19.125114759326536,7.622072507202329,2.0150614778697857,-17.409041097513963,7.622072507202333,0,-17.409041097514034,7.622072507202329,2.0150614778697857,-17.409041097513963,7.622072507202333,0,-17.409041097514034,0.09563006817588847
6.38,19.17193467985487,7.640730962509945,2.0199904082942197,-17.451660732439876,7.640730962509949,0,-17.45166073243999,7.640730962509945,2.0199904082942197,-17.451660732439876,7.640730962509949,0,-17.45166073243999,0.09586432333686609
6.4,19.217966585313782,7.659075383171416,2.0248363867525043,-17.493563045193632,7.65907538317142,0,-17.493563045193653,7.659075383171416,2.0248363867525043,-17.493563045193632,7.65907538317142,0,-17.493563045193653,0.09609463560508746
6.42,19.263203019804653,7.677102799162222,2.0295986333769704,-17.534741247763208,7.677102799162224,0,-17.534741247763264,7.677102799162222,2.0295986333769704,-17.534741247763208,7.677102799162224,0,-17.534741247763264,0.09632096749898438
6.44,19.307636527429082,7.694810240458601,2.034276368299615,-17.575188552136552,7.6948102404586045,0,-17.575188552136638,7.694810240458601,2.034276368299615,-17.575188552136552,7.6948102404586045,0,-17.575188552136638,0.09654328153698877
6.46,19.351259652288164,7.712194737035626,2.03886881165284,-17.61489817030153,7.712194737035627,0,-17.61489817030153,7.712194737035626,2.03886881165284,-17.61489817030153,7.712194737035627,0,-17.61489817030153,0.09676154023753242
6.48,19.394064938483716,7.729253318869862,2.043375183568628,-17.65386331424618,7.729253318869809,0,-17.65386331424625,7.729253318869862,2.043375183568628,-17.65386331424618,7.729253318869809,0,-17.65386331424625,0.09697570611904724
6.5,19.436044930116495,7.745983015936105,2.0477947041793456,-17.69207719595812,7.745983015936105,0,-17.692077195958205,7.745983015936105,2.0477947041793456,-17.69207719595812,7.745983015936105,0,-17.692077195958205,0.09718574169996508
6.52,19.477192171288426,7.762380858210701,2.0521265936171957,-17.72953302742559,7.762380858210705,0,-17.729533027425674,7.762380858210701,2.0521265936171957,-17.72953302742559,7.762380858210705,0,-17.729533027425674,0.09739160949871778
6.54,19.517499206100844,7.778443875669733,2.056370072013827,-17.766224020636386,7.77844387566968,0,-17.766224020636486,7.778443875669733,2.056370072013827,-17.766224020636386,7.77844387566968,0,-17.766224020636486,0.09759327203373722
6.56,19.556958578654694,7.79416909828803,2.0605243595019047,-17.80214338757827,7.794169098287973,0,-17.802143387578326,7.79416909828803,2.0605243595019047,-17.80214338757827,7.794169098287973,0,-17.802143387578326,0.09779069182345526
6.58,19.595562833051858,7.809553556042136,2.0645886762135746,-17.83728434023938,7.80955355604214,0,-17.837284340239393,7.809553556042136,2.0645886762135746,-17.83728434023938,7.80955355604214,0,-17.837284340239393,0.09798383138630376
6.6,19.633304513393306,7.8245942789073695,2.0685622422808123,-17.871640090607386,7.824594278907426,0,-17.87164009060743,7.8245942789073695,2.0685622422808123,-17.871640090607386,7.824594278907426,0,-17.87164009060743,0.09817265324071457
6.62,19.670176163780845,7.839288296860001,2.072444277835551,-17.90520385067049,7.839288296859948,0,-17.90520385067049,7.839288296860001,2.072444277835551,-17.90520385067049,7.839288296859948,0,-17.90520385067049,0.09835711990511953
6.64,19.706170328315366,7.853632639874963,2.076234003010896,-17.937968832416303,7.85363263987491,0,-17.937968832416317,7.853632639874963,2.076234003010896,-17.937968832416303,7.85363263987491,0,-17.937968832416317,0.09853719389795057
6.66,19.74127955109853,7.867624337928621,2.0799306379379345,-17.96992824783291,7.867624337928625,0,-17.96992824783294,7.867624337928621,2.0799306379379345,-17.96992824783291,7.867624337928625,0,-17.96992824783294,0.09871283773763947
6.68,19.775496376231857,7.881260420996799,2.083533402749346,-18.001075308908298,7.881260420996803,0,-18.001075308908355,7.881260420996799,2.083533402749346,-18.001075308908298,7.881260420996803,0,-18.001075308908355,0.09888401394261812
6.7,19.808813347816475,7.894537919054951,2.087041517577319,-18.031403227630236,7.8945379190549545,0,-18.031403227630307,7.894537919054951,2.087041517577319,-18.031403227630236,7.8945379190549545,0,-18.031403227630307,0.09905068503131845
6.72,19.84122300995393,7.9074538620790555,2.090454202553744,-18.060905215986736,7.907453862079059,0,-18.060905215986764,7.9074538620790555,2.090454202553744,-18.060905215986736,7.907453862079059,0,-18.060905215986764,0.09921281352217218
6.74,19.872717906745383,7.9200052800444105,2.0937706778111718,-18.089574485965613,7.920005280044414,0,-18.0895744859657,7.9200052800444105,2.0937706778111718,-18.089574485965613,7.920005280044414,0,-18.0895744859657,0.09937036193361128
6.76,19.903290582292364,7.932189202927308,2.096990163481557,-18.11740424955474,7.932189202927368,0,-18.117404249554795,7.932189202927308,2.096990163481557,-18.11740424955474,7.932189202927368,0,-18.117404249554795,0.09952329278406753
6.78,19.932933580696513,7.9440026607034575,2.100111879696776,-18.14438771874235,7.944002660703461,0,-18.144387718742394,7.9440026607034575,2.100111879696776,-18.14438771874235,7.944002660703461,0,-18.144387718742394,0.0996715685919729
6.8,19.961639446058648,7.9554426833481635,2.1031350465897063,-18.17051810551581,7.955442683348167,0,-18.170518105515868,7.9554426833481635,2.1031350465897063,-18.17051810551581,7.955442683348167,0,-18.170518105515868,0.09981515187575914
6.82,19.989400722480525,7.966506300837533,2.106058884291855,-18.19578862186337,7.966506300837537,0,-18.195788621863443,7.966506300837533,2.106058884291855,-18.19578862186337,7.966506300837537,0,-18.195788621863443,0.09995400515385817
6.84,20.016209954063648,7.977190543147405,2.108882612935709,-18.220192479772948,7.977190543147351,0,-18.220192479773033,7.977190543147405,2.108882612935709,-18.220192479772948,7.977190543147351,0,-18.220192479773033,0.10008809094470184
6.86,20.04205968490944,7.987492440253298,2.11160545265318,-18.24372289123258,7.987492440253298,0,-18.243722891232608,7.987492440253298,2.11160545265318,-18.24372289123258,7.987492440253298,0,-18.243722891232608,0.10021737176672196
6.88,20.066942459119197,7.997409022131269,2.114226623576819,-18.266373068229882,7.997409022131329,0,-18.266373068229967,7.997409022131269,2.114226623576819,-18.266373068229882,7.997409022131329,0,-18.266373068229967,0.10034181013835045
6.9,20.09085082079428,8.00693731875658,2.116745345838325,-18.28813622275294,8.006937318756584,0,-18.288136222752968,8.00693731875658,2.116745345838325,-18.28813622275294,8.006937318756584,0,-18.288136222752968,0.10046136857801918
6.92,20.113777314036184,8.016074360105446,2.1191608395703128,-18.309005566789452,8.01607436010545,0,-18.30900556678955,8.016074360105446,2.1191608395703128,-18.309005566789452,8.01607436010545,0,-18.30900556678955,0.10057600960415995
6.94,20.136800183439355,8.025249746056193,2.121586229696497,-18.329962690148207,8.025249746056197,0,-18.32996269014822,8.025249746056193,2.121586229696497,-18.329962690148207,8.025249746056197,0,-18.32996269014822,0.1006911416102177
6.96,20.161891335074635,8.035249133301534,2.1242283984196177,-18.352802735904078,8.035249133301534,0,-18.352802735904135,8.035249133301534,2.1242283984196177,-18.352802735904078,8.035249133301534,0,-18.352802735904135,0.10081665559670468
6.98,20.1862977018652,8.044975632482338,2.1267985138070102,-18.37501942266684,8.044975632482341,0,-18.375019422666924,8.044975632482338,2.1267985138070102,-18.37501942266684,8.044975632482341,0,-18.375019422666924,0.10093874209299389
7.0,20.21001997438921,8.054429519332,2.1292966506669444,-18.396613378647388,8.054429519332004,0,-18.396613378647487,8.054429519332,2.1292966506669444,-18.396613378647388,8.054429519332004,0,-18.396613378647487,0.1010574044802548
7.02,20.233058843225137,8.063611069583978,2.131722883808507,-18.41758523205685,8.06361106958392,0,-18.417585232056865,8.063611069583978,2.131722883808507,-18.41758523205685,8.06361106958392,0,-18.417585232056865,0.1011726461396569
7.04,20.25541499895086,8.07252055897153,2.13407728804048,-18.43793561110583,8.072520558971476,0,-18.4379356111059,8.07252055897153,2.13407728804048,-18.43793561110583,8.072520558971476,0,-18.4379356111059,0.10128447045236974
7.06,20.277089132144766,8.081158263228158,2.1363599381712035,-18.457665144005404,8.081158263228161,0,-18.457665144005432,8.081158263228158,2.1363599381712035,-18.457665144005404,8.081158263228161,0,-18.457665144005432,0.10139288079956277
7.08,20.298081933385316,8.089524458087478,2.1385709090093883,-18.47677445896666,8.089524458087482,0,-18.47677445896673,8.089524458087478,2.1385709090093883,-18.47677445896666,8.089524458087482,0,-18.47677445896673,0.1014978805624055
7.1,20.31839409325058,8.097619419282825,2.1407102753639293,-18.49526418420035,8.097619419282829,0,-18.49526418420041,8.097619419282825,2.1407102753639293,-18.49526418420035,8.097619419282829,0,-18.49526418420041,0.10159947312206745
7.12,20.338026302318575,8.105443422547236,2.142778112043338,-18.51313494791735,8.10544342254724,0,-18.513134947917422,8.105443422547236,2.142778112043338,-18.51313494791735,8.10544342254724,0,-18.513134947917422,0.10169766185971812
7.14,20.356979251167765,8.112996743614321,2.144774493856758,-18.530387378328683,8.112996743614325,0,-18.530387378328697,8.112996743614321,2.144774493856758,-18.530387378328683,8.112996743614325,0,-18.530387378328697,0.10179245015652699
7.16,20.375253630376292,8.120279658217473,2.1466994956126015,-18.54702210364519,8.120279658217477,0,-18.54702210364522,8.120279658217473,2.1466994956126015,-18.54702210364519,8.120279658217477,0,-18.54702210364522,0.10188384139366359
7.18,20.39285013052253,8.127292442090305,2.1485531921195005,-18.56303975207787,8.127292442090308,0,-18.56303975207794,8.127292442090305,2.1485531921195005,-18.56303975207787,8.127292442090308,0,-18.56303975207794,0.1019718389522974
7.2,20.409769442184476,8.134035370965801,2.1503356581861226,-18.57844095183755,8.134035370965748,0,-18.578440951837564,8.134035370965801,2.1503356581861226,-18.57844095183755,8.134035370965748,0,-18.578440951837564,0.10205644621359793
7.22,20.42601225594074,8.140508720577866,2.152046968621093,-18.59322633113534,8.14050872057787,0,-18.593226331135327,8.140508720577866,2.152046968621093,-18.59322633113534,8.14050872057787,0,-18.593226331135327,0.10213766655873467
7.24,20.44157926236924,8.146712766659373,2.153687198233797,-18.607396518181943,8.146712766659377,0,-18.607396518181986,8.146712766659373,2.153687198233797,-18.607396518181943,8.146712766659377,0,-18.607396518181986,0.10221550336887716
7.26,20.45647115204834,8.152647784944147,2.155256421832256,-18.62095214118831,8.152647784944207,0,-18.620952141188297,8.152647784944147,2.155256421832256,-18.62095214118831,8.152647784944207,0,-18.620952141188297,0.10228996002519485
7.28,20.470688615556284,8.158314051165316,2.1567547142251797,-18.63389382836546,8.15831405116532,0,-18.633893828365586,8.158314051165316,2.1567547142251797,-18.63389382836546,8.15831405116532,0,-18.633893828365586,0.10236103990885725
7.3,20.48423234347156,8.163711841056585,2.158182150221691,-18.646222207924367,8.163711841056532,0,-18.646222207924353,8.163711841056585,2.158182150221691,-18.646222207924367,8.163711841056532,0,-18.646222207924353,0.10242874640103389
7.32,20.49710302637203,8.168841430350898,2.1595388046301807,-18.657937908075766,8.168841430350902,0,-18.65793790807581,8.168841430350898,2.1595388046301807,-18.657937908075766,8.168841430350902,0,-18.65793790807581,0.10249308288289426
7.34,20.509301354836214,8.173703094782137,2.1608247522596216,-18.66904155703061,8.173703094782141,0,-18.66904155703068,8.173703094782137,2.1608247522596216,-18.66904155703061,8.173703094782141,0,-18.66904155703068,0.10255405273560785
7.36,20.520828019442504,8.178297110083488,2.162040067918234,-18.679533783000082,8.178297110083435,0,-18.679533783000096,8.178297110083488,2.162040067918234,-18.679533783000082,8.178297110083435,0,-18.679533783000096,0.10261165934034418
7.38,20.531683710768824,8.182623751988203,2.16318482641519,-18.68941521419474,8.182623751988146,0,-18.68941521419478,8.182623751988203,2.16318482641519,-18.68941521419474,8.182623751988146,0,-18.68941521419478,0.10266590607827272
7.4,20.541869119393834,8.186683296230125,2.164259102558937,-18.698686478825763,8.186683296230129,0,-18.698686478825834,8.186683296230125,2.164259102558937,-18.698686478825763,8.186683296230129,0,-18.698686478825834,0.102716796330563
7.42,20.55138493589521,8.190476018541627,2.1652629711586826,-18.70734820510377,8.19047601854163,0,-18.70734820510384,8.190476018541627,2.1652629711586826,-18.70734820510377,8.19047601854163,0,-18.70734820510384,0.10276433347838448
7.44,20.560231850852148,8.194002194657667,2.16619650702237,-18.715401021240098,8.194002194657614,0,-18.715401021240126,8.194002194657667,2.16619650702237,-18.715401021240098,8.194002194657614,0,-18.715401021240126,0.10280852090290674
7.46,20.568410554842213,8.19726210031045,2.1670597849589655,-18.72284555544536,8.197262100310454,0,-18.72284555544539,8.19726210031045,2.1670597849589655,-18.72284555544536,8.197262100310454,0,-18.72284555544539,0.10284936198529922
7.48,20.575921738443906,8.200256011233655,2.167852879777463,-18.729682435930513,8.200256011233655,0,-18.729682435930556,8.200256011233655,2.167852879777463,-18.729682435930513,8.200256011233655,0,-18.729682435930556,0.10288686010673143
7.5,20.582766092235836,8.202984203160998,2.1685758662862327,-18.73591229090674,8.202984203160945,0,-18.735912290906782,8.202984203160998,2.1685758662862327,-18.73591229090674,8.202984203160945,0,-18.735912290906782,0.10292101864837287
7.52,20.58894430679586,8.205446951825454,2.1692288192944744,-18.741535748584553,8.205446951825458,0,-18.741535748584653,8.205446951825454,2.1692288192944744,-18.741535748584553,8.205446951825458,0,-18.741535748584653,0.10295184099139304
7.54,20.59445707270261,8.207644532960835,2.169811813610181,-18.74655343717515,8.207644532960835,0,-18.74655343717521,8.207644532960835,2.169811813610181,-18.74655343717515,8.207644532960835,0,-18.74655343717521,0.10297933051696145
7.56,20.599305080534286,8.209577222300172,2.1703249240425606,-18.75096598488939,8.209577222300119,0,-18.75096598488946,8.209577222300172,2.1703249240425606,-18.75096598488939,8.209577222300119,0,-18.75096598488946,0.10300349060624764
7.58,20.603489020869397,8.211245295577132,2.170768225400167,-18.754774019938296,8.211245295577136,0,-18.75477401993828,8.211245295577132,2.170768225400167,-18.754774019938296,8.211245295577136,0,-18.75477401993828,0.10302432464042102
7.6,20.60700958428606,8.212649028525053,2.1711417924917313,-18.757978170532567,8.212649028525057,0,-18.75797817053254,8.212649028525053,2.1711417924917313,-18.757978170532567,8.212649028525057,0,-18.75797817053254,0.10304183600065117
7.62,20.609867461362626,8.213788696877145,2.1714457001261067,-18.760579064883174,8.213788696877145,0,-18.76057906488316,8.213788696877145,2.1714457001261067,-18.760579064883174,8.213788696877145,0,-18.76057906488316,0.10305602806810756
7.64,20.61206334267751,8.214664576367014,2.171680023111577,-18.762577331201086,8.214664576367014,0,-18.76257733120113,8.214664576367014,2.171680023111577,-18.762577331201086,8.214664576367014,0,-18.76257733120113,0.10306690422395968
7.66,20.61359791880934,8.21527694272812,2.171844836257094,-18.763973597697444,8.215276942728067,0,-18.763973597697486,8.21527694272812,2.171844836257094,-18.763973597697444,8.215276942728067,0,-18.763973597697486,0.10307446784937709
7.68,20.614471880336097,8.21562607169356,2.171940214371581,-18.76476849258283,8.215626071693563,0,-18.764768492582874,8.21562607169356,2.171940214371581,-18.76476849258283,8.215626071693563,0,-18.764768492582874,0.10307872232552918
7.7,20.61612316084055,8.216285036397803,2.172117667377357,-18.766270923547395,8.216285036397807,0,-18.766270923547523,8.216285036397803,2.172117667377357,-18.766270923547395,8.216285036397807,0,-18.766270923547523,0.10308685734090943
7.72,20.620096880971822,8.217869623732842,2.1725399810684394,-18.769887370988656,8.217869623732788,0,-18.769887370988698,8.217869623732842,2.1725399810684394,-18.769887370988656,8.217869623732788,0,-18.769887370988698,0.10310659915390023
7.74,20.623625900667975,8.21927701833592,2.172915587285779,-18.77309899142233,8.219277018335923,0,-18.77309899142233,8.21927701833592,2.172915587285779,-18.77309899142233,8.219277018335923,0,-18.77309899142233,0.1031241121824605
7.76,20.626710219929592,8.220507220207875,2.1732444860289064,-18.775905784848604,8.220507220207878,0,-18.775905784848646,8.220507220207875,2.1732444860289064,-18.775905784848604,8.220507220207878,0,-18.775905784848646,0.10313939642659022
7.78,20.629349838756532,8.221560229348075,2.17352667729822,-18.77830775126742,8.221560229348079,0,-18.77830775126742,8.221560229348075,2.17352667729822,-18.77830775126742,8.221560229348079,0,-18.77830775126742,0.10315245188628946
7.8,20.63154475714898,8.222436045756705,2.1737621610939044,-18.780304890678693,8.222436045756652,0,-18.780304890678764,8.222436045756705,2.1737621610939044,-18.780304890678693,8.222436045756652,0,-18.780304890678764,0.10316327856155813
7.82,20.63329497510712,8.223134669433584,2.1739509374155688,-18.781897203082636,8.223134669433584,0,-18.78189720308265,8.223134669433584,2.1739509374155688,-18.781897203082636,8.223134669433584,0,-18.78189720308265,0.10317187645239628
7.84,20.63460049263116,8.223656100379227,2.174093006263192,-18.78308468847908,8.22365610037923,0,-18.783084688479136,8.223656100379227,2.174093006263192,-18.78308468847908,8.22365610037923,0,-18.783084688479136,0.10317824555880391
7.86,20.63546130972108,8.224000338593076,2.174188367637001,-18.78386734686805,8.224000338593136,0,-18.78386734686802,8.224000338593076,2.174188367637001,-18.78386734686805,8.224000338593136,0,-18.78386734686802,0.10318238588078099
7.88,20.635877426377135,8.22416738407562,2.174237021537067,-18.784245178249435,8.22416738407562,0,-18.784245178249478,8.22416738407562,2.174237021537067,-18.784245178249435,8.22416738407562,0,-18.784245178249478,0.10318429741832753
7.9,20.63584884259945,8.224157236826418,2.174238967963099,-18.784218182623434,8.224157236826365,0,-18.784218182623476,8.224157236826418,2.174238967963099,-18.784218182623434,8.224157236826365,0,-18.784218182623476,0.10318398017144359
7.92,20.635375558388134,8.223969896845535,2.174194206915274,-18.783786359989918,8.223969896845482,0,-18.78378635998996,8.223969896845535,2.174194206915274,-18.783786359989918,8.223969896845482,0,-18.78378635998996,0.10318143414012908
7.94,20.634457573743518,8.223605364133125,2.174102738393607,-18.782949710349,8.223605364133071,0,-18.782949710349016,8.223605364133125,2.174102738393607,-18.782949710349,8.223605364133071,0,-18.782949710349016,0.10317665932438405
7.96,20.633094888665752,8.223063638689485,2.173964562397998,-18.78170823370054,8.223063638689489,0,-18.781708233700613,8.223063638689485,2.173964562397998,-18.78170823370054,8.223063638689489,0,-18.781708233700613,0.1031696557242085
7.98,20.63128750315496,8.222344720514041,2.173779678928689,-18.78006193004468,8.222344720514045,0,-18.780061930044752,8.222344720514041,2.173779678928689,-18.78006193004468,8.222344720514045,0,-18.780061930044752,0.10316042333960243
8.0,20.62903541721131,8.221448609606963,2.173548087985189,-18.77801079938139,8.221448609606966,0,-18.778010799381377,8.221448609606963,2.173548087985189,-18.77801079938139,8.221448609606966,0,-18.778010799381377,0.10314896217056578
8.02,20.626338630835065,8.220375305968364,2.1732697895680317,-18.775554841710644,8.220375305968368,0,-18.775554841710715,8.220375305968364,2.1732697895680317,-18.775554841710644,8.220375305968368,0,-18.775554841710715,0.10313527221709864
8.04,20.623197144026264,8.219124809598359,2.172944783676769,-18.77269405703227,8.219124809598362,0,-18.77269405703234,8.219124809598359,2.172944783676769,-18.77269405703227,8.219124809598362,0,-18.77269405703234,0.10311935347920097
8.06,20.619610956785323,8.217697120496549,2.172573070311735,-18.769428445346605,8.21769712049661,0,-18.769428445346563,8.217697120496549,2.172573070311735,-18.769428445346605,8.21769712049661,0,-18.769428445346563,0.10310120595687278
8.08,20.615580069112326,8.216092238663396,2.172154649472809,-18.76575800665337,8.216092238663343,0,-18.765758006653385,8.216092238663396,2.172154649472809,-18.76575800665337,8.216092238663343,0,-18.765758006653385,0.10308082965011403
8.1,20.611104481007317,8.214310164098382,2.1716895211600544,-18.761682740952565,8.214310164098329,0,-18.761682740952637,8.214310164098382,2.1716895211600544,-18.761682740952565,8.214310164098329,0,-18.761682740952637,0.10305822455892477
8.12,20.606184192471037,8.212350896802189,2.171177685373081,-18.75720264824453,8.212350896802135,0,-18.7572026482446,8.212350896802189,2.171177685373081,-18.75720264824453,8.212350896802135,0,-18.7572026482446,0.10303339068330494
8.14,20.60081920350318,8.21021443677407,2.1706191421126704,-18.752317728528894,8.210214436774073,0,-18.75231772852885,8.21021443677407,2.1706191421126704,-18.752317728528894,8.210214436774073,0,-18.75231772852885,0.10300632802325463
8.16,20.595009514104163,8.207900784014551,2.170013891378211,-18.747027981805715,8.207900784014498,0,-18.74702798180573,8.207900784014551,2.170013891378211,-18.747027981805715,8.207900784014498,0,-18.74702798180573,0.10297703657877379
8.18,20.588755124274297,8.205409938523399,2.1693619331698883,-18.741333408075164,8.205409938523403,0,-18.741333408075178,8.205409938523399,2.1693619331698883,-18.741333408075164,8.205409938523403,0,-18.741333408075178,0.1029455163498624
8.2,20.582056034013867,8.202741900300843,2.1686632674876023,-18.735234007337183,8.202741900300786,0,-18.735234007337226,8.202741900300843,2.1686632674876023,-18.735234007337183,8.202741900300786,0,-18.735234007337226,0.10291176733652048
8.22,20.574912243323034,8.199896669346767,2.167917894331204,-18.728729779591745,8.19989666934677,0,-18.728729779591845,8.199896669346767,2.167917894331204,-18.728729779591745,8.19989666934677,0,-18.728729779591845,0.10287578953874804
8.24,20.567323752201872,8.196874245660883,2.167125813701567,-18.72182072483868,8.196874245660887,0,-18.72182072483878,8.196874245660883,2.167125813701567,-18.72182072483868,8.196874245660887,0,-18.72182072483878,0.10283758295654505
8.26,20.559290560650975,8.193674629243535,2.16628702559742,-18.714506843078354,8.193674629243596,0,-18.714506843078397,8.193674629243535,2.16628702559742,-18.714506843078354,8.193674629243596,0,-18.714506843078397,0.10279714758991157
8.28,20.550812668670392,8.190297820094735,2.1654015300194587,-18.70678813431043,8.190297820094678,0,-18.70678813431053,8.190297820094735,2.1654015300194587,-18.70678813431043,8.190297820094678,0,-18.70678813431053,0.10275448343884752
8.3,20.541890076260373,8.186743818214122,2.1644693269680033,-18.698664598535018,8.186743818214126,0,-18.698664598535117,8.186743818214122,2.1644693269680033,-18.698664598535018,8.186743818214126,0,-18.698664598535117,0.10270959050335295
8.32,20.53252278342142,8.18301262360217,2.163490416442343,-18.690136235752234,8.183012623602174,0,-18.69013623575222,8.18301262360217,2.163490416442343,-18.690136235752234,8.183012623602174,0,-18.69013623575222,0.10266246878342786
8.34,20.522710790153475,8.179104236258347,2.1624647984428975,-18.68120304596188,8.179104236258347,0,-18.681203045961922,8.179104236258347,2.1624647984428975,-18.68120304596188,8.179104236258347,0,-18.681203045961922,0.10261311827907223
8.36,20.512454096457326,8.175018656183472,2.1613924729693252,-18.67186502916418,8.175018656183475,0,-18.671865029164223,8.175018656183472,2.1613924729693252,-18.67186502916418,8.175018656183475,0,-18.671865029164223,0.10256153899028608
8.38,20.501752702332816,8.17075588337666,2.1602734400221735,-18.662122185358967,8.17075588337672,0,-18.66212218535898,8.17075588337666,2.1602734400221735,-18.662122185358967,8.17075588337672,0,-18.66212218535898,0.10250773091706941
8.4,20.490606607780357,8.166315917838343,2.159107699601009,-18.65197451454621,8.166315917838347,0,-18.651974514546282,8.166315917838343,2.159107699601009,-18.65197451454621,8.166315917838347,0,-18.651974514546282,0.10245169405942217
8.42,20.479015812800313,8.161698759568445,2.157895251705895,-18.641422016725997,8.161698759568445,0,-18.64142201672604,8.161698759568445,2.157895251705895,-18.641422016725997,8.161698759568445,0,-18.64142201672604,0.10239342841734443
8.44,20.466980317393038,8.156904408567026,2.1566360963369107,-18.63046469189834,8.15690440856703,0,-18.630464691898425,8.156904408567026,2.1566360963369107,-18.63046469189834,8.15690440856703,0,-18.630464691898425,0.10233293399083618
8.46,20.45580177170165,8.152450788046568,2.1554640607926956,-18.620288048339333,8.152450788046572,0,-18.620288048339376,8.152450788046568,2.1554640607926956,-18.620288048339333,8.152450788046572,0,-18.620288048339376,0.10227683598949903
8.48,20.446270841278945,8.148652501779374,2.1544604362220596,-18.61161220317635,8.148652501779374,0,-18.611612203176406,8.148652501779374,2.1544604362220596,-18.61161220317635,8.148652501779374,0,-18.611612203176406,0.10222915878583526
8.5,20.43646604630163,8.144744997932921,2.153427668424328,-18.60268712377338,8.144744997932925,0,-18.60268712377345,8.144744997932921,2.153427668424328,-18.60268712377338,8.144744997932925,0,-18.60268712377345,0.10218012232747638
8.52,20.42638738676996,8.140728276507676,2.1523657573991812,-18.593512810130576,8.14072827650768,0,-18.593512810130562,8.140728276507676,2.1523657573991812,-18.593512810130576,8.14072827650768,0,-18.593512810130562,0.10212972661442234
8.54,20.41603486268385,8.136602337503572,2.1512747031469033,-18.584089262247844,8.136602337503518,0,-18.584089262247886,8.136602337503572,2.1512747031469033,-18.584089262247844,8.136602337503518,0,-18.584089262247886,0.10207797164667315
8.56,20.405408474043057,8.132367180920323,2.150154505667416,-18.574416480125038,8.132367180920326,0,-18.57441648012508,8.132367180920323,2.150154505667416,-18.574416480125038,8.132367180920326,0,-18.57441648012508,0.10202485742422883
8.58,20.394508220848163,8.128022806758512,2.149005164960478,-18.56449446376253,8.128022806758459,0,-18.56449446376257,8.128022806758512,2.149005164960478,-18.56449446376253,8.128022806758459,0,-18.56449446376257,0.10197038394708938
8.6,20.38333410309871,8.123569215017437,2.1478266810265723,-18.554323213160018,8.12356921501744,0,-18.554323213160046,8.123569215017437,2.1478266810265723,-18.554323213160018,8.12356921501744,0,-18.554323213160046,0.10191455121525475
8.62,20.371886120794976,8.119006405697569,2.1466190538652015,-18.543902728317576,8.119006405697512,0,-18.543902728317676,8.119006405697569,2.1466190538652015,-18.543902728317576,8.119006405697512,0,-18.543902728317676,0.10185735922872502
8.64,20.360164273936988,8.114334378798553,2.145382283476657,-18.533233009235275,8.114334378798553,0,-18.533233009235317,8.114334378798553,2.145382283476657,-18.533233009235275,8.114334378798553,0,-18.533233009235317,0.10179880798750011
8.66,20.348168562525068,8.109553134321036,2.1441163698608463,-18.52231405591307,8.10955313432104,0,-18.522314055913114,8.109553134321036,2.1441163698608463,-18.52231405591307,8.10955313432104,0,-18.522314055913114,0.10173889749158006
8.68,20.33589898655882,8.104662672264016,2.1428213130178833,-18.511145868350795,8.10466267226402,0,-18.51114586835081,8.104662672264016,2.1428213130178833,-18.511145868350795,8.10466267226402,0,-18.51114586835081,0.10167762774096488
8.7,20.323355546039053,8.099662992628446,2.1414971129477536,-18.499728446548787,8.099662992628446,0,-18.49972844654883,8.099662992628446,2.1414971129477536,-18.499728446548787,8.099662992628446,0,-18.49972844654883,0.10161499873565456
8.72,20.3105382409656,8.094554095413837,2.1401437696500523,-18.488061790506933,8.09455409541384,0,-18.488061790506947,8.094554095413837,2.1401437696500523,-18.488061790506933,8.09455409541384,0,-18.488061790506947,0.1015510104756491
8.74,20.2974470713384,8.089335980620088,2.138761283125511,-18.47614590022492,8.089335980620092,0,-18.476145900224935,8.089335980620088,2.138761283125511,-18.47614590022492,8.089335980620092,0,-18.476145900224935,0.10148566296094849
8.76,20.28408203715805,8.084008648247544,2.137349653373441,-18.46398077570312,8.084008648247547,0,-18.46398077570322,8.084008648247544,2.137349653373441,-18.46398077570312,8.084008648247547,0,-18.46398077570322,0.10141895619155275
8.78,20.27044313842468,8.078572098295975,2.135908880394304,-18.45156641694146,8.078572098295979,0,-18.451566416941404,8.078572098295975,2.135908880394304,-18.45156641694146,8.078572098295979,0,-18.451566416941404,0.10135089016746182
8.8,20.256530375138496,8.07302633076571,2.13443896418773,-18.4389028239398,8.073026330765714,0,-18.438902823939856,8.07302633076571,2.13443896418773,-18.4389028239398,8.073026330765714,0,-18.438902823939856,0.1012814648886758
8.82,20.242343747299696,8.067371345656316,2.1329399047541457,-18.425989996698235,8.06737134565632,0,-18.42598999669829,8.067371345656316,2.1329399047541457,-18.425989996698235,8.06737134565632,0,-18.42598999669829,0.1012106803551946
8.84,20.22788325490875,8.061607142968004,2.131411702093132,-18.41282793521691,8.061607142968008,0,-18.412827935216853,8.061607142968004,2.131411702093132,-18.41282793521691,8.061607142968008,0,-18.412827935216853,0.1011385365670183
8.86,20.213148897965844,8.055733722700896,2.12985435620498,-18.3994166394956,8.0557337227009,0,-18.399416639495627,8.055733722700896,2.12985435620498,-18.3994166394956,8.0557337227009,0,-18.399416639495627,0.10106503352414682
8.88,20.19814067647095,8.049751084854414,2.1282678670894626,-18.385756109534213,8.049751084854414,0,-18.385756109534242,8.049751084854414,2.1282678670894626,-18.385756109534213,8.049751084854414,0,-18.385756109534242,0.10099017122658019
8.9,20.182858590425013,8.043659229429306,2.1266522347468637,-18.37184634533304,8.043659229429252,0,-18.371846345333125,8.043659229429306,2.1266522347468637,-18.37184634533304,8.043659229429252,0,-18.371846345333125,0.10091394967431845
8.92,20.167302639828137,8.03745815642512,2.125007459176892,-18.35768734689202,8.037458156425181,0,-18.35768734689205,8.03745815642512,2.125007459176892,-18.35768734689202,8.037458156425181,0,-18.35768734689205,0.10083636886736153
8.94,20.151472824680493,8.031147865841955,2.123333540379896,-18.343279114210873,8.031147865841959,0,-18.3432791142109,8.031147865841955,2.123333540379896,-18.343279114210873,8.031147865841959,0,-18.3432791142109,0.10075742880570952
8.96,20.135369144982967,8.024728357680058,2.1216304783554136,-18.328621647290035,8.024728357680061,0,-18.328621647290078,8.024728357680058,2.1216304783554136,-18.328621647290035,8.024728357680061,0,-18.328621647290078,0.10067712948936232
8.98,20.11899160073562,8.018199631939186,2.1198982731036864,-18.313714946129195,8.018199631939133,0,-18.31371494612918,8.018199631939186,2.1198982731036864,-18.313714946129195,8.018199631939133,0,-18.31371494612918,0.10059547091832
9.0,20.10234019193897,8.011561688619278,2.1181369246248636,-18.298559010728454,8.011561688619281,0,-18.298559010728468,8.011561688619278,2.1181369246248636,-18.298559010728454,8.011561688619281,0,-18.298559010728468,0.10051245309258253
9.02,20.085414918593443,8.00481452772036,2.116346432918661,-18.28315384108778,8.004814527720306,0,-18.283153841087795,8.00481452772036,2.116346432918661,-18.28315384108778,8.004814527720306,0,-18.283153841087795,0.10042807601214992
9.04,20.068215780699735,7.997958149242752,2.1145267979851923,-18.26749943720725,7.997958149242756,0,-18.267499437207334,7.997958149242752,2.1145267979851923,-18.26749943720725,7.997958149242756,0,-18.267499437207334,0.10034233967702214
9.06,20.05074277825807,7.99099255318588,2.1126780198248127,-18.251595799086743,7.990992553185826,0,-18.25159579908683,7.99099255318588,2.1126780198248127,-18.251595799086743,7.990992553185826,0,-18.25159579908683,0.10025524408719924
9.08,20.0329959112692,7.983917739550389,2.11080009843689,-18.235442926726336,7.983917739550336,0,-18.23544292672642,7.983917739550389,2.11080009843689,-18.235442926726336,7.983917739550336,0,-18.23544292672642,0.10016678924268119
9.1,20.01497517973346,7.97673370833564,2.1088930338219,-18.21904082012597,7.976733708335587,0,-18.219040820126025,7.97673370833564,2.1088930338219,-18.21904082012597,7.976733708335587,0,-18.219040820126025,0.10007697514346801
9.12,19.99668058365178,7.969440459542316,2.106956825979559,-18.202389479285785,7.9694404595422625,0,-18.20238947928584,7.969440459542316,2.106956825979559,-18.202389479285785,7.9694404595422625,0,-18.20238947928584,0.09998580178955971
9.14,19.978112123024335,7.962037993169691,2.104991474909781,-18.185488904205656,7.9620379931696945,0,-18.185488904205698,7.962037993169691,2.104991474909781,-18.185488904205656,7.9620379931696945,0,-18.185488904205698,0.0998932691809562
9.16,19.959269797851995,7.954526309218149,2.102996980612957,-18.16833909488564,7.954526309218096,0,-18.16833909488571,7.954526309218149,2.102996980612957,-18.16833909488564,7.954526309218096,0,-18.16833909488571,0.0997993773176576
9.18,19.940153608135404,7.946905407687861,2.100973343088974,-18.150940051325676,7.946905407687865,0,-18.150940051325705,7.946905407687861,2.100973343088974,-18.150940051325676,7.946905407687865,0,-18.150940051325705,0.09970412619966383
9.2,19.920763553875055,7.9391752885783795,2.0989205623378666,-18.13329177352577,7.939175288578383,0,-18.133291773525798,7.9391752885783795,2.0989205623378666,-18.13329177352577,7.939175288578383,0,-18.133291773525798,0.09960751582697493
9.22,19.90193112137436,7.931668296388505,2.096930104250994,-18.116150380578915,7.931668296388509,0,-18.116150380578915,7.931668296388505,2.096930104250994,-18.116150380578915,7.931668296388509,0,-18.116150380578915,0.09951356842701155
9.24,19.883874267884526,7.924471548481865,2.0950259447559105,-18.099714073757582,7.924471548481868,0,-18.099714073757667,7.924471548481865,2.0950259447559105,-18.099714073757582,7.924471548481868,0,-18.099714073757667,0.0994233383450503
9.26,19.865637935284013,7.917203308790963,2.093103024704398,-18.08311436289317,7.917203308790967,0,-18.083114362893213,7.917203308790963,2.093103024704398,-18.08311436289317,7.917203308790967,0,-18.083114362893213,0.09933220558801785
9.28,19.847222123572827,7.909863577315971,2.0911613440962,-18.066351247985722,7.909863577315974,0,-18.06635124798575,7.909863577315971,2.0911613440962,-18.066351247985722,7.909863577315974,0,-18.06635124798575,0.09924017015591428
9.3,19.828626832750608,7.902452354056539,2.08920090293158,-18.049424729034996,7.902452354056543,0,-18.049424729034996,7.902452354056539,2.08920090293158,-18.049424729034996,7.902452354056543,0,-18.049424729034996,0.09914723204873947
9.32,19.80985206281784,7.894969639013361,2.0872217012099696,-18.032334806041348,7.894969639013361,0,-18.032334806041433,7.894969639013361,2.0872217012099696,-18.032334806041348,7.894969639013361,0,-18.032334806041433,0.09905339126649353
9.34,19.790897813773885,7.8874154321855094,2.0852237389317736,-18.01508147900448,7.887415432185513,0,-18.015081479004493,7.8874154321855094,2.0852237389317736,-18.01508147900448,7.887415432185513,0,-18.015081479004493,0.09895864780917639
9.36,19.771764085619076,7.8797897335735705,2.0832070160972833,-17.99766474792449,7.879789733573517,0,-17.99766474792449,7.8797897335735705,2.0832070160972833,-17.99766474792449,7.879789733573517,0,-17.99766474792449,0.09886300167678808
9.38,19.752450878353343,7.872092543177541,2.0811715327058806,-17.980084612801406,7.872092543177544,0,-17.98008461280142,7.872092543177541,2.0811715327058806,-17.980084612801406,7.872092543177544,0,-17.98008461280142,0.09876645286932859
9.4,19.732958191976508,7.864323860996958,2.079117288758269,-17.962341073635173,7.8643238609969615,0,-17.9623410736352,7.864323860996958,2.079117288758269,-17.962341073635173,7.8643238609969615,0,-17.9623410736352,0.09866900138679792
9.42,19.71328602648883,7.856483687032572,2.07704428425356,-17.944434130425876,7.856483687032572,0,-17.94443413042592,7.856483687032572,2.07704428425356,-17.944434130425876,7.856483687032572,0,-17.94443413042592,0.09857064722919609
9.44,19.693434381890008,7.848572021283633,2.074952519192479,-17.92636378317343,7.848572021283637,0,-17.92636378317337,7.848572021283633,2.074952519192479,-17.92636378317343,7.848572021283637,0,-17.92636378317337,0.09847139039652306
9.46,19.673403258180187,7.84058886375049,2.0728419935747766,-17.90813003187789,7.84058886375049,0,-17.908130031877874,7.84058886375049,2.0728419935747766,-17.90813003187789,7.84058886375049,0,-17.908130031877874,0.09837123088877886
9.48,19.65319265535947,7.832534214433412,2.070712707400439,-17.889732876539227,7.832534214433416,0,-17.889732876539313,7.832534214433412,2.070712707400439,-17.889732876539227,7.832534214433416,0,-17.889732876539313,0.09827016870596347
9.5,19.63280257342747,7.824408073331686,2.06856466066958,-17.871172317157345,7.824408073331689,0,-17.871172317157374,7.824408073331686,2.06856466066958,-17.871172317157345,7.824408073331689,0,-17.871172317157374,0.09816820384807694
9.52,19.61223301238482,7.816210440446138,2.0663978533819645,-17.85244835373257,7.816210440446142,0,-17.852448353732598,7.816210440446138,2.0663978533819645,-17.85244835373257,7.816210440446142,0,-17.852448353732598,0.09806533631511918
9.54,19.591483972231018,7.807941315776159,2.064212285537856,-17.83356098626456,7.807941315776162,0,-17.83356098626456,7.807941315776159,2.064212285537856,-17.83356098626456,7.807941315776162,0,-17.83356098626456,0.09796156610709028
9.56,19.57055545296621,7.799600699321868,2.0620079571370837,-17.814510214753426,7.799600699321871,0,-17.81451021475354,7.799600699321868,2.0620079571370837,-17.814510214753426,7.799600699321871,0,-17.81451021475354,0.0978568932239902
9.58,19.549447454590556,7.7911885910835394,2.05978486817974,-17.7952960391992,7.7911885910835394,0,-17.7952960391992,7.7911885910835394,2.05978486817974,-17.7952960391992,7.7911885910835394,0,-17.7952960391992,0.09775131766581893
9.6,19.52815997710381,7.782704991060829,2.0575430186658465,-17.775918459601712,7.782704991060832,0,-17.77591845960174,7.782704991060829,2.0575430186658465,-17.775918459601712,7.782704991060832,0,-17.77591845960174,0.0976448394325765
9.62,19.506693020506418,7.774149899254017,2.0552824085952395,-17.7563774759613,7.77414989925402,0,-17.756377475961358,7.774149899254017,2.0552824085952395,-17.7563774759613,7.77414989925402,0,-17.756377475961358,0.09753745852426286
9.64,19.485046584798123,7.765523315662893,2.0530030379680824,-17.736673088277712,7.765523315662897,0,-17.736673088277797,7.765523315662893,2.0530030379680824,-17.736673088277712,7.765523315662897,0,-17.736673088277797,0.09742917494087808
9.66,19.463220669979194,7.7568252402877285,2.0507049067842047,-17.716805296551087,7.756825240287732,0,-17.716805296551172,7.7568252402877285,2.0507049067842047,-17.716805296551087,7.756825240287732,0,-17.716805296551172,0.09731998868242211
9.68,19.44121527604936,7.748055673128139,2.0483880150438267,-17.696774100781212,7.7480556731281425,0,-17.696774100781226,7.748055673128139,2.0483880150438267,-17.696774100781212,7.7480556731281425,0,-17.696774100781226,0.09720989974889495
9.7,19.41903040300897,7.739214614184437,2.0460523627468348,-17.676579500968273,7.739214614184441,0,-17.67657950096833,7.739214614184437,2.0460523627468348,-17.676579500968273,7.739214614184441,0,-17.67657950096833,0.09709890814029662
9.72,19.39666605085791,7.730302063456261,2.043697949893172,-17.65622149711224,7.730302063456264,0,-17.656221497112256,7.730302063456261,2.043697949893172,-17.65622149711224,7.730302063456264,0,-17.656221497112256,0.09698701385662711
9.74,19.374122219596316,7.7213180209440395,2.0413247764829805,-17.63570008921299,7.721318020944043,0,-17.63570008921303,7.7213180209440395,2.0413247764829805,-17.63570008921299,7.721318020944043,0,-17.63570008921303,0.09687421689788642
9.76,19.351398909224585,7.712262486647896,2.0389328425160613,-17.615015277270828,7.712262486647898,0,-17.615015277270942,7.712262486647896,2.0389328425160613,-17.615015277270828,7.712262486647898,0,-17.615015277270942,0.09676051726407459
9.78,19.328496119742173,7.703135460567033,2.036522147992663,-17.594167061285376,7.703135460567037,0,-17.594167061285418,7.703135460567033,2.036522147992663,-17.594167061285376,7.703135460567037,0,-17.594167061285418,0.09664591495519152
9.8,19.305413851149588,7.69393694270207,2.034092692912658,-17.57315544125686,7.693936942702017,0,-17.573155441256887,7.69393694270207,2.034092692912658,-17.57315544125686,7.693936942702017,0,-17.573155441256887,0.09653040997123732
9.82,19.282152103446943,7.684666933053027,2.0316444772759326,-17.55198041718529,7.68466693305303,0,-17.55198041718529,7.684666933053027,2.0316444772759326,-17.55198041718529,7.68466693305303,0,-17.55198041718529,0.09641400231221192
9.84,19.258710876634034,7.675325431619536,2.029177501082856,-17.530641989070432,7.675325431619537,0,-17.53064198907046,7.675325431619536,2.029177501082856,-17.530641989070432,7.675325431619537,0,-17.53064198907046,0.09629669197811534
9.86,19.23509017071141,7.665912438402136,2.0266917643327744,-17.509140156912636,7.665912438402081,0,-17.509140156912665,7.665912438402136,2.0266917643327744,-17.509140156912636,7.665912438402081,0,-17.509140156912665,0.09617847896894761
9.88,19.211289985678732,7.656427953400232,2.024187267026363,-17.487474920711577,7.656427953400236,0,-17.487474920711605,7.656427953400232,2.024187267026363,-17.487474920711577,7.656427953400236,0,-17.487474920711605,0.09605936328470867
9.9,19.18731032153655,7.646871976614303,2.0216640091633096,-17.465646280467553,7.64687197661425,0,-17.465646280467553,7.646871976614303,2.0216640091633096,-17.465646280467553,7.64687197661425,0,-17.465646280467553,0.09593934492539857
9.92,19.163151178284636,7.637244508043983,2.0191219907435567,-17.443654236180336,7.637244508043985,0,-17.443654236180365,7.637244508043983,2.0191219907435567,-17.443654236180336,7.637244508043985,0,-17.443654236180365,0.0958184238910173
9.94,19.138812555923312,7.627545547689575,2.0165612117672893,-17.421498787849984,7.627545547689579,0,-17.42149878785004,7.627545547689575,2.0165612117672893,-17.421498787849984,7.627545547689579,0,-17.42149878785004,0.09569660018156484
9.96,19.11429445445276,7.617775095550904,2.013981672234273,-17.399179935476646,7.617775095550851,0,-17.399179935476695,7.617775095550904,2.013981672234273,-17.399179935476646,7.617775095550851,0,-17.399179935476695,0.09557387379704121
9.98,19.089979621031993,7.608085289082052,2.0114220753002385,-17.377046399696397,7.608085289082055,0,-17.377046399696454,7.608085289082052,2.0114220753002385,-17.377046399696397,7.608085289082055,0,-17.377046399696454,0.09545221495420135
10.0,19.065867393896024,7.598475865239658,2.008882354047806,-17.355097577576437,7.59847586523966,0,-17.35509757757646,7.598475865239658,2.008882354047806,-17.355097577576437,7.59847586523966,0,-17.35509757757646,0.095331620246568
10.02,19.04161394929731,7.5888101581642236,2.0063277412323615,-17.333020211570393,7.588810158164225,0,-17.3330202115705,7.5888101581642236,2.0063277412323615,-17.333020211570393,7.588810158164225,0,-17.3330202115705,0.09521031981826833
10.04,19.017219287235605,7.579088167855069,2.00375823685485,-17.310814301678157,7.5790881678550726,0,-17.310814301678235,7.579088167855069,2.00375823685485,-17.310814301678157,7.5790881678550726,0,-17.310814301678235,0.09508831366930223
10.06,18.992683407711162,7.569309894312644,2.001173840914525,-17.28847984789992,7.569309894312646,0,-17.28847984789992,7.569309894312644,2.001173840914525,-17.28847984789992,7.569309894312646,0,-17.28847984789992,0.09496560179966981
10.08,18.968006310723663,7.5594753375367265,1.9985745534116646,-17.26601685023538,7.559475337536728,0,-17.266016850235403,7.5594753375367265,1.9985745534116646,-17.26601685023538,7.559475337536728,0,-17.266016850235403,0.094842184209371
10.1,18.943187996273544,7.549584497527654,1.9959603743463745,-17.243425308684863,7.549584497527658,0,-17.24342530868489,7.549584497527654,1.9959603743463745,-17.243425308684863,7.549584497527658,0,-17.24342530868489,0.09471806089840583
10.12,18.91822846436044,7.539637374285164,1.993331303718513,-17.22070522324811,7.539637374285139,0,-17.220705223248174,7.539637374285164,1.993331303718513,-17.22070522324811,7.539637374285139,0,-17.220705223248174,0.09459323186677429
10.14,18.893127714984693,7.529633967809525,1.9906873415280018,-17.197856593925387,7.529633967809527,0,-17.197856593925408,7.529633967809525,1.9906873415280018,-17.197856593925387,7.529633967809527,0,-17.197856593925408,0.09446769711447638
10.16,18.867885748145866,7.519574278100189,1.988028487775324,-17.1748794207164,7.51957427810019,0,-17.174879420716394,7.519574278100189,1.988028487775324,-17.1748794207164,7.51957427810019,0,-17.174879420716394,0.0943414566415121
10.18,18.842502563844192,7.509458305157619,1.9853547424596627,-17.151773703621302,7.509458305157594,0,-17.15177370362133,7.509458305157619,1.9853547424596627,-17.151773703621302,7.509458305157594,0,-17.15177370362133,0.09421451044788147
10.2,18.81697816207989,7.499286048981835,1.9826661055815507,-17.12853944264026,7.49928604898178,0,-17.12853944264029,7.499286048981835,1.9826661055815507,-17.12853944264026,7.49928604898178,0,-17.12853944264029,0.09408685853358444
10.22,18.79131254285243,7.489057509572412,1.97996257714113,-17.105176637772864,7.489057509572415,0,-17.105176637772942,7.489057509572412,1.97996257714113,-17.105176637772864,7.489057509572415,0,-17.105176637772942,0.09395850089862105
10.24,18.765505706162344,7.4787726869299185,1.9772441571378465,-17.081685289019525,7.4787726869299505,0,-17.081685289019603,7.4787726869299185,1.9772441571378465,-17.081685289019525,7.4787726869299505,0,-17.081685289019603,0.09382943754299132
10.26,18.73955765200933,7.468431581053931,1.974510845572091,-17.05806539638003,7.468431581053935,0,-17.05806539638006,7.468431581053931,1.974510845572091,-17.05806539638003,7.468431581053935,0,-17.05806539638006,0.09369966846669521
10.28,18.71346838039326,7.458034191944453,1.9717626424439914,-17.03431695985426,7.458034191944428,0,-17.034316959854365,7.458034191944453,1.9717626424439914,-17.03431695985426,7.458034191944428,0,-17.034316959854365,0.09356919366973274
10.3,18.687237891314602,7.447580519601917,1.968999547753043,-17.010439979442573,7.447580519601921,0,-17.010439979442623,7.447580519601917,1.968999547753043,-17.010439979442573,7.447580519601921,0,-17.010439979442623,0.09343801315210387
10.32,18.660866184772946,7.437070564025813,1.9662215614998857,-16.986434455144675,7.437070564025817,0,-16.98643445514473,7.437070564025813,1.9662215614998857,-16.986434455144675,7.437070564025817,0,-16.98643445514473,0.09330612691380866
10.34,18.63435326076828,7.426504325216216,1.963428683683972,-16.9623003869606,7.426504325216218,0,-16.962300386960678,7.426504325216216,1.963428683683972,-16.9623003869606,7.426504325216218,0,-16.962300386960678,0.09317353495484709
10.36,18.607699119301046,7.415881803173718,1.9606209143055224,-16.93803777489054,7.4158818031736935,0,-16.93803777489053,7.415881803173718,1.9606209143055224,-16.93803777489054,7.4158818031736935,0,-16.93803777489053,0.09304023727521915
10.38,18.58090376037064,7.4052029978973835,1.9577982533645795,-16.913646618934223,7.405202997897387,0,-16.91364661893425,7.4052029978973835,1.9577982533645795,-16.913646618934223,7.405202997897387,0,-16.91364661893425,0.09290623387492479
10.4,18.553967183977566,7.394467909387977,1.9549607008611503,-16.8891269190919,7.394467909387981,0,-16.889126919091893,7.394467909387977,1.9549607008611503,-16.8891269190919,7.394467909387981,0,-16.889126919091893,0.09277152475396411
10.42,18.526889390121482,7.38367653764522,1.9521082567950003,-16.86447867536333,7.383676537645194,0,-16.864478675363358,7.38367653764522,1.9521082567950003,-16.86447867536333,7.383676537645194,0,-16.864478675363358,0.09263610991233709
10.44,18.499670378802648,7.372828882669079,1.9492409211663357,-16.839701887748788,7.372828882669083,0,-16.839701887748816,7.372828882669079,1.9492409211663357,-16.839701887748788,7.372828882669083,0,-16.839701887748816,0.09249998935004367
10.46,18.47231015002062,7.361924944459295,1.9463586939753341,-16.814796556247884,7.361924944459297,0,-16.814796556247913,7.361924944459295,1.9463586939753341,-16.814796556247884,7.361924944459297,0,-16.814796556247913,0.09236316306708386
10.48,18.444808703776076,7.3509647230165065,1.9434615752216615,-16.789762680861124,7.350964723016482,0,-16.789762680861173,7.3509647230165065,1.9434615752216615,-16.789762680861124,7.350964723016482,0,-16.789762680861173,0.09222563106345773
10.5,18.417166040068462,7.3399482183401865,1.9405495649053606,-16.764600261588136,7.339948218340162,0,-16.764600261588186,7.3399482183401865,1.9405495649053606,-16.764600261588136,7.339948218340162,0,-16.764600261588186,0.09208739333916523
10.52,18.389382158897938,7.328875430430525,1.93762266302668,-16.73930929842897,7.328875430430529,0,-16.73930929842902,7.328875430430525,1.93762266302668,-16.73930929842897,7.328875430430529,0,-16.73930929842902,0.09194844989420632
10.54,18.36145706026462,7.317746359287666,1.9346808695852644,-16.71388979138375,7.317746359287668,0,-16.713889791383835,7.317746359287666,1.9346808695852644,-16.71388979138375,7.317746359287668,0,-16.713889791383835,0.09180880072858105
10.56,18.33339074416832,7.306561004911208,1.9317241845815047,-16.68834174045238,7.306561004911153,0,-16.68834174045243,7.306561004911208,1.9317241845815047,-16.68834174045238,7.306561004911153,0,-16.68834174045243,0.09166844584228945
10.58,18.305183210609258,7.295319367301534,1.9287526080151878,-16.662665145634982,7.295319367301538,0,-16.662665145635003,7.295319367301534,1.9287526080151878,-16.662665145634982,7.295319367301538,0,-16.662665145635003,0.09152738523533145
10.6,18.27683445958705,7.2840214464583095,1.9257661398861856,-16.636860006931286,7.284021446458311,0,-16.636860006931343,7.2840214464583095,1.9257661398861856,-16.636860006931286,7.284021446458311,0,-16.636860006931343,0.09138561890770708
10.62,18.24834449110209,7.272667242381868,1.9227647801946262,-16.61092632434157,7.272667242381871,0,-16.61092632434159,7.272667242381868,1.9227647801946262,-16.61092632434157,7.272667242381871,0,-16.61092632434159,0.09124314685941637
10.64,18.219713305154375,7.261256755072228,1.919748528940623,-16.58486409786581,7.261256755072232,0,-16.58486409786586,7.261256755072228,1.919748528940623,-16.58486409786581,7.261256755072232,0,-16.58486409786586,0.09109996909045927
10.66,18.19094090174355,7.24978998452897,1.9167173861240627,-16.55867332750381,7.249789984528974,0,-16.55867332750384,7.24978998452897,1.9167173861240627,-16.55867332750381,7.249789984528974,0,-16.55867332750384,0.09095608560083583
10.68,18.162027280869943,7.238266930752559,1.9136713517449238,-16.53235401325574,7.2382669307525624,0,-16.53235401325577,7.238266930752559,1.9136713517449238,-16.53235401325574,7.2382669307525624,0,-16.53235401325577,0.09081149639054598
10.7,18.132972442533376,7.226687593742705,1.9106104258033056,-16.505906155121522,7.226687593742707,0,-16.50590615512158,7.226687593742705,1.9106104258033056,-16.505906155121522,7.226687593742707,0,-16.50590615512158,0.0906662014595898
10.72,18.103776386733855,7.215051973499364,1.9075346082991658,-16.47932975310117,7.215051973499367,0,-16.47932975310117,7.215051973499364,1.9075346082991658,-16.47932975310117,7.215051973499367,0,-16.47932975310117,0.09052020080796723
10.74,18.074386676708343,7.203339129298554,1.9044382283186323,-16.452577107289933,7.203339129298556,0,-16.452577107289983,7.203339129298554,1.9044382283186323,-16.452577107289933,7.203339129298556,0,-16.452577107289983,0.09037323809945347
10.76,18.044814320016265,7.191553457030555,1.9013224763037542,-16.425658230882917,7.191553457030558,0,-16.425658230882973,7.191553457030555,1.9013224763037542,-16.425658230882917,7.191553457030558,0,-16.425658230882973,0.09022536714431728
10.78,18.015096064475397,7.179709632008537,1.8981913264452075,-16.398606552095437,7.179709632008539,0,-16.398606552095515,7.179709632008537,1.8981913264452075,-16.398606552095437,7.179709632008539,0,-16.398606552095515,0.09007676758363906
10.8,17.98523191008565,7.167807654232556,1.8950447787431273,-16.371422070927373,7.167807654232558,0,-16.371422070927395,7.167807654232556,1.8950447787431273,-16.371422070927373,7.167807654232558,0,-16.371422070927395,0.08992743941741876
10.82,17.955221856846922,7.155847523702308,1.891882833197677,-16.344104787378726,7.155847523702281,0,-16.344104787378782,7.155847523702308,1.891882833197677,-16.344104787378726,7.155847523702281,0,-16.344104787378782,0.0897773826456564
10.84,17.92506590475932,7.143829240418221,1.888705489808494,-16.31665470144948,7.143829240418224,0,-16.316654701449565,7.143829240418221,1.888705489808494,-16.31665470144948,7.143829240418224,0,-16.316654701449565,0.08962659726835204
10.86,17.89476405382286,7.13175280438003,1.8855127485758771,-16.289071813139707,7.131752804380032,0,-16.289071813139756,7.13175280438003,1.8855127485758771,-16.289071813139707,7.131752804380032,0,-16.289071813139756,0.08947508328550557
10.88,17.86431630403769,7.119618215588105,1.8823046094996698,-16.261356122449442,7.119618215588108,0,-16.26135612244947,7.119618215588105,1.8823046094996698,-16.261356122449442,7.119618215588108,0,-16.26135612244947,0.08932284069711702
10.9,17.833722655403232,7.107425474041655,1.8790810725801066,-16.233507629378366,7.1074254740416585,0,-16.233507629378394,7.107425474041655,1.8790810725801066,-16.233507629378366,7.1074254740416585,0,-16.233507629378394,0.08916986950318644
10.92,17.80298310792014,7.095174579741588,1.8758421378168961,-16.20552633392684,7.095174579741592,0,-16.20552633392687,7.095174579741588,1.8758421378168961,-16.20552633392684,7.095174579741592,0,-16.20552633392687,0.0890161697037138
10.94,17.77209766158806,7.082865532687283,1.872587805210003,-16.177412236094753,7.082865532687286,0,-16.17741223609478,7.082865532687283,1.872587805210003,-16.177412236094753,7.082865532687286,0,-16.17741223609478,0.08886174129869909
10.96,17.741066316406947,7.070498332878811,1.8693180747599456,-16.149165335881953,7.070498332878785,0,-16.149165335881975,7.070498332878811,1.8693180747599456,-16.149165335881953,7.070498332878785,0,-16.149165335881975,0.0887065842881423
10.98,17.709889072377088,7.058072980316501,1.8660329464659924,-16.120785633288698,7.058072980316503,0,-16.120785633288776,7.058072980316501,1.8660329464659924,-16.120785633288698,7.058072980316503,0,-16.120785633288776,0.08855069867204349
11.0,17.678565929498383,7.045589475000154,1.8627324203287259,-16.0922731283149,7.045589475000156,0,-16.09227312831493,7.045589475000154,1.8627324203287259,-16.0922731283149,7.045589475000156,0,-16.09227312831493,0.08839408445040257
11.02,17.64709688777074,7.0330478169298125,1.8594164963478548,-16.063627820960477,7.033047816929788,0,-16.063627820960534,7.0330478169298125,1.8594164963478548,-16.063627820960477,7.033047816929788,0,-16.063627820960534,0.08823674162321964
11.04,17.615481947194056,7.0204480061052585,1.8560851745234146,-16.034849711225398,7.020448006105234,0,-16.034849711225405,7.0204480061052585,1.8560851745234146,-16.034849711225398,7.020448006105234,0,-16.034849711225405,0.0880786701904946
11.06,17.58372110776861,7.007790042526857,1.8527384548553343,-16.00593879910982,7.007790042526889,0,-16.005938799109842,7.007790042526857,1.8527384548553343,-16.00593879910982,7.007790042526889,0,-16.005938799109842,0.08791987015222756
11.08,17.551814369494082,6.995073926194133,1.8493763373438554,-15.976895084613574,6.995073926194134,0,-15.976895084613602,6.995073926194133,1.8493763373438554,-15.976895084613574,6.995073926194134,0,-15.976895084613602,0.08776034150841844
11.1,17.51976173237076,6.982299657107534,1.8459988219888999,-15.947718567736779,6.982299657107536,0,-15.947718567736828,6.982299657107534,1.8459988219888999,-15.947718567736779,6.982299657107536,0,-15.947718567736828,0.08760008425906723
11.12,17.487563196398597,6.969467235267006,1.842605908790425,-15.91840924847942,6.969467235266979,0,-15.918409248479449,6.969467235267006,1.842605908790425,-15.91840924847942,6.969467235266979,0,-15.918409248479449,0.08743909840417399
11.14,17.455218761577477,6.9565766606722566,1.8391975977483312,-15.8889671268415,6.95657666067223,0,-15.88896712684155,6.9565766606722566,1.8391975977483312,-15.8889671268415,6.95657666067223,0,-15.88896712684155,0.08727738394373866
11.16,17.422728427907558,6.943627933323592,1.8357738888627395,-15.859392202823038,6.943627933323594,0,-15.85939220282306,6.943627933323592,1.8357738888627395,-15.859392202823038,6.943627933323594,0,-15.85939220282306,0.0871149408777613
11.18,17.390092195388725,6.930621053220987,1.8323347821334153,-15.829684476423964,6.930621053220989,0,-15.829684476424049,6.930621053220987,1.8323347821334153,-15.829684476423964,6.930621053220989,0,-15.829684476424049,0.08695176920624187
11.2,17.357310064020943,6.917556020364168,1.8288802775607564,-15.799843947644298,6.917556020364142,0,-15.799843947644376,6.917556020364168,1.8288802775607564,-15.799843947644298,6.917556020364142,0,-15.799843947644376,0.08678786892918036
11.22,17.324382033804223,6.904432834753312,1.8254103751446138,-15.769870616483978,6.904432834753287,0,-15.76987061648397,6.904432834753312,1.8254103751446138,-15.769870616483978,6.904432834753287,0,-15.76987061648397,0.08662324004657682
11.24,17.291308104738626,6.891251496388438,1.8219250748848665,-15.73976448294308,6.8912514963884135,0,-15.73976448294313,6.891251496388438,1.8219250748848665,-15.73976448294308,6.8912514963884135,0,-15.73976448294313,0.08645788255843119
11.26,17.258088276824303,6.878012005269632,1.8184243767816142,-15.709525547021727,6.878012005269635,0,-15.70952554702177,6.878012005269632,1.8184243767816142,-15.709525547021727,6.878012005269635,0,-15.70952554702177,0.08629179646474351
11.28,17.224722550061017,6.864714361396677,1.814908280834679,-15.679153808719768,6.864714361396679,0,-15.679153808719818,6.864714361396677,1.814908280834679,-15.679153808719768,6.864714361396679,0,-15.679153808719818,0.0861249817655138
11.3,17.191210924448967,6.851358564769976,1.8113767870443738,-15.648649268037204,6.851358564769978,0,-15.648649268037218,6.851358564769976,1.8113767870443738,-15.648649268037204,6.851358564769978,0,-15.648649268037218,0.08595743846074198
11.32,17.157553399987854,6.837944615388821,1.807829895410535,-15.61801192497402,6.837944615388825,0,-15.618011924974041,6.837944615388821,1.807829895410535,-15.61801192497402,6.837944615388825,0,-15.618011924974041,0.08578916655042812
11.34,17.12374997667796,6.824472513253813,1.804267605933056,-15.587241779530295,6.824472513253816,0,-15.58724177953033,6.824472513253813,1.804267605933056,-15.587241779530295,6.824472513253816,0,-15.58724177953033,0.08562016603457222
11.36,17.089800654519152,6.8109422583646815,1.8006899186120364,-15.556338831705958,6.810942258364683,0,-15.556338831706029,6.8109422583646815,1.8006899186120364,-15.556338831705958,6.810942258364683,0,-15.556338831706029,0.08545043691317424
11.38,17.055705433511655,6.797353850721729,1.7970968334475543,-15.525303081501129,6.797353850721702,0,-15.52530308150115,6.797353850721729,1.7970968334475543,-15.525303081501129,6.797353850721702,0,-15.52530308150115,0.08527997918623417
11.4,17.021464313655162,6.783707290324594,1.7934883504395387,-15.49413452891563,6.783707290324596,0,-15.494134528915609,6.783707290324594,1.7934883504395387,-15.49413452891563,6.783707290324596,0,-15.494134528915609,0.08510879285375207
11.42,16.987077294949792,6.770002577173466,1.7898644695881032,-15.462833173949491,6.770002577173468,0,-15.46283317394952,6.770002577173466,1.7898644695881032,-15.462833173949491,6.770002577173468,0,-15.46283317394952,0.08493687791572793
11.44,16.95254437739563,6.756239711268163,1.7862251908929494,-15.431399016602903,6.756239711268165,0,-15.431399016602882,6.756239711268163,1.7862251908929494,-15.431399016602903,6.756239711268165,0,-15.431399016602882,0.08476423437216171
11.46,16.91786556099253,6.742418692608757,1.7825705143544113,-15.399832056875645,6.74241869260873,0,-15.399832056875624,6.742418692608757,1.7825705143544113,-15.399832056875645,6.74241869260873,0,-15.399832056875624,0.08459086222305341
11.48,16.88304084574083,6.728539521195753,1.7789004399721051,-15.368132294767896,6.728539521195728,0,-15.368132294767904,6.728539521195753,1.7789004399721051,-15.368132294767896,6.728539521195728,0,-15.368132294767904,0.08441676146840309
11.5,16.847315724013814,6.714301656294964,1.7751360980692041,-15.33561279954683,6.714301656294939,0,-15.335612799546851,6.714301656294964,1.7751360980692041,-15.33561279954683,6.714301656294939,0,-15.335612799546851,0.08423813718270172
11.52,16.810975688542214,6.6998188173598425,1.7713073315772192,-15.302533494006845,6.699818817359844,0,-15.302533494006951,6.6998188173598425,1.7713073315772192,-15.302533494006845,6.699818817359844,0,-15.302533494006951,0.08405642530060217
11.54,16.77442891952906,6.685253593572078,1.7674568081111062,-15.269266000005956,6.685253593572082,0,-15.269266000005956,6.685253593572078,1.7674568081111062,-15.269266000005956,6.685253593572082,0,-15.269266000005956,0.0838736788344397
11.56,16.73767541697425,6.670605984931752,1.7635845276705666,-15.235810317544036,6.670605984931754,0,-15.235810317544036,6.670605984931752,1.7635845276705666,-15.235810317544036,6.670605984931754,0,-15.235810317544036,0.08368989778421435
11.58,16.7007151808778,6.655875991438863,1.7596904902558563,-15.20216644662107,6.655875991438865,0,-15.202166446621092,6.655875991438863,1.7596904902558563,-15.20216644662107,6.655875991438865,0,-15.202166446621092,0.0835050821499261
11.6,16.663548211239686,6.64106361309314,1.7557746958671245,-15.168334387237145,6.6410636130931415,0,-15.168334387237167,6.64106361309314,1.7557746958671245,-15.168334387237145,6.6410636130931415,0,-15.168334387237167,0.0833192319315749
11.62,16.62617450805989,6.626168849894897,1.7518371445042789,-15.134314139392096,6.626168849894899,0,-15.134314139392117,6.626168849894897,1.7518371445042789,-15.134314139392096,6.626168849894899,0,-15.134314139392117,0.0831323471291608
11.64,16.58859407133852,6.611191701844129,1.7478778361668361,-15.1001057030861,6.611191701844103,0,-15.100105703086129,6.611191701844129,1.7478778361668361,-15.1001057030861,6.611191701844103,0,-15.100105703086129,0.08294442774268382
11.66,16.550806901075426,6.596132168940631,1.743896770855514,-15.065709078319003,6.596132168940635,0,-15.065709078319045,6.596132168940631,1.743896770855514,-15.065709078319003,6.596132168940635,0,-15.065709078319045,0.0827554737721439
11.68,16.51281299727075,6.580990251184486,1.739893948569744,-15.03112426509096,6.580990251184488,0,-15.031124265090952,6.580990251184486,1.739893948569744,-15.03112426509096,6.580990251184488,0,-15.031124265090952,0.08256548521754108
11.7,16.474612359924397,6.565765948575743,1.735869369309981,-14.996351263401827,6.5657659485757165,0,-14.996351263401792,6.565765948575743,1.735869369309981,-14.996351263401827,6.5657659485757165,0,-14.996351263401792,0.08237446207887533
11.72,16.43620498903642,6.550459261114362,1.7318230330760116,-14.961390073251685,6.550459261114337,0,-14.961390073251664,6.550459261114362,1.7318230330760116,-14.961390073251685,6.550459261114337,0,-14.961390073251664,0.08218240435614672
11.74,16.397590884606878,6.535070188800448,1.7277549398676797,-14.926240694640555,6.53507018880045,0,-14.92624069464054,6.535070188800448,1.7277549398676797,-14.926240694640555,6.53507018880045,0,-14.92624069464054,0.08198931204935518
11.76,16.358770046635684,6.519598731633833,1.7236650896851344,-14.890903127568407,6.519598731633835,0,-14.890903127568464,6.519598731633833,1.7236650896851344,-14.890903127568407,6.519598731633835,0,-14.890903127568464,0.0817951851585007
11.78,16.319742475122784,6.504044889614505,1.7195534825286742,-14.85537737203515,6.50404488961448,0,-14.855377372035207,6.504044889614505,1.7195534825286742,-14.85537737203515,6.50404488961448,0,-14.855377372035207,0.08160002368358336
11.8,16.280508170068398,6.488408662742705,1.7154201183978657,-14.819663428040961,6.488408662742678,0,-14.819663428041011,6.488408662742705,1.7154201183978657,-14.819663428040961,6.488408662742678,0,-14.819663428041011,0.08140382762460308
11.82,16.241067131472246,6.4726900510180325,1.7112649972929503,-14.783761295585656,6.472690051018034,0,-14.783761295585705,6.4726900510180325,1.7112649972929503,-14.783761295585656,6.472690051018034,0,-14.783761295585705,0.0812065969815599
11.84,16.201419359334643,6.456889054441055,1.7070881192135516,-14.747670974669397,6.456889054441056,0,-14.747670974669418,6.456889054441055,1.7070881192135516,-14.747670974669397,6.456889054441056,0,-14.747670974669418,0.08100833175445382
11.86,16.16156485365535,6.441005673011237,1.7028894841602238,-14.711392465292072,6.44100567301124,0,-14.711392465292178,6.441005673011237,1.7028894841602238,-14.711392465292072,6.44100567301124,0,-14.711392465292178,0.08080903194328481
11.88,16.121503614434523,6.425039906728845,1.6986690921326186,-14.674925767453772,6.425039906728848,0,-14.674925767453772,6.425039906728845,1.6986690921326186,-14.674925767453772,6.425039906728848,0,-14.674925767453772,0.08060869754805289
11.9,16.08123564167212,6.408991755593901,1.6944269431307006,-14.638270881154448,6.408991755593902,0,-14.638270881154497,6.408991755593901,1.6944269431307006,-14.638270881154448,6.408991755593902,0,-14.638270881154497,0.08040732856875808
11.92,16.040760935368063,6.392861219606219,1.6901630371547398,-14.601427806394042,6.392861219606221,0,-14.601427806394042,6.392861219606219,1.6901630371547398,-14.601427806394042,6.392861219606221,0,-14.601427806394042,0.08020492500540036
11.94,16.000079495522453,6.376648298765868,1.685877374204658,-14.564396543172649,6.376648298765872,0,-14.564396543172677,6.376648298765868,1.685877374204658,-14.564396543172649,6.376648298765872,0,-14.564396543172677,0.08000148685797973
11.96,15.95919132213535,6.360352993073066,1.6815699542801283,-14.527177091490266,6.360352993073068,0,-14.527177091490287,6.360352993073066,1.6815699542801283,-14.527177091490266,6.360352993073068,0,-14.527177091490287,0.07979701412649616
11.98,15.918096415206609,6.343975302527561,1.6772407773814635,-14.489769451346795,6.343975302527593,0,-14.489769451346817,6.343975302527561,1.6772407773814635,-14.489769451346795,6.343975302527593,0,-14.489769451346817,0.07959150681094972
12.0,15.876794774736357,6.327515227129414,1.6728898435085924,-14.452173622742357,6.327515227129389,0,-14.45217362274235,6.327515227129414,1.6728898435085924,-14.452173622742357,6.327515227129389,0,-14.45217362274235,0.07938496491134034
12.02,15.835286400724437,6.310972766878587,1.6685171526616784,-14.414389605676767,6.31097276687856,0,-14.414389605676845,6.310972766878587,1.6685171526616784,-14.414389605676767,6.31097276687856,0,-14.414389605676845,0.07917738842766807
12.04,15.793571293171045,6.294347921775135,1.6641227048405725,-14.376417400150224,6.29434792177511,0,-14.376417400150231,6.294347921775135,1.6641227048405725,-14.376417400150224,6.29434792177511,0,-14.376417400150231,0.07896877735993287
12.06,15.75164945207613,6.277640691819078,1.6597065000450115,-14.338257006162685,6.277640691819052,0,-14.338257006162706,6.277640691819078,1.6597065000450115,-14.338257006162685,6.277640691819052,0,-14.338257006162706,0.07875913170813478
12.08,15.709520877439683,6.26085107701037,1.6552685382753793,-14.2999084237141,6.260851077010372,0,-14.299908423714129,6.26085107701037,1.6552685382753793,-14.2999084237141,6.260851077010372,0,-14.299908423714129,0.0785484514722738
12.1,15.667185569261813,6.243979077349183,1.6508088195315551,-14.261371652804534,6.243979077349184,0,-14.26137165280457,6.243979077349183,1.6508088195315551,-14.261371652804534,6.243979077349184,0,-14.26137165280457,0.07833673665234989
12.12,15.624643527542412,6.22702469283532,1.646327343813546,-14.22264669343393,6.227024692835322,0,-14.222646693433973,6.22702469283532,1.646327343813546,-14.22264669343393,6.227024692835322,0,-14.222646693433973,0.07812398724836304
12.14,15.581894752281391,6.209987923468617,1.6418241111213234,-14.183733545602259,6.209987923468621,0,-14.18373354560228,6.209987923468617,1.6418241111213234,-14.183733545602259,6.209987923468621,0,-14.18373354560228,0.07791020326031331
12.16,15.538939243479009,6.1928687692495235,1.6372991214549586,-14.144632209309592,6.192868769249525,0,-14.144632209309606,6.1928687692495235,1.6372991214549586,-14.144632209309592,6.192868769249525,0,-14.144632209309606,0.07769538468820067
12.18,15.495777001135002,6.175667230177552,1.6327523748143875,-14.105342684555843,6.1756672301775275,0,-14.105342684555865,6.175667230177552,1.6327523748143875,-14.105342684555843,6.1756672301775275,0,-14.105342684555865,0.07747953153202512
12.2,15.4524080252497,6.158383306253187,1.6281838711996244,-14.065864971341156,6.158383306253189,0,-14.065864971341142,6.158383306253187,1.6281838711996244,-14.065864971341156,6.158383306253189,0,-14.065864971341142,0.07726264379178666
12.22,15.408832315822856,6.141016997476125,1.6235936106105058,-14.026199069665402,6.141016997476129,0,-14.02619906966541,6.141016997476125,1.6235936106105058,-14.026199069665402,6.141016997476129,0,-14.02619906966541,0.0770447214674853
12.24,15.365049872854613,6.123568303846499,1.6189815930474012,-13.986344979528617,6.1235683038465005,0,-13.986344979528639,6.123568303846499,1.6189815930474012,-13.986344979528617,6.1235683038465005,0,-13.986344979528639,0.07682576455912103
12.26,15.321060696344919,6.106037225364199,1.6143478185098203,-13.946302700930843,6.106037225364201,0,-13.946302700930886,6.106037225364199,1.6143478185098203,-13.946302700930843,6.106037225364201,0,-13.946302700930886,0.07660577306669385
12.28,15.27686478629374,6.088423762029164,1.6096922869984454,-13.906072233871974,6.088423762029166,0,-13.906072233871996,6.088423762029164,1.6096922869984454,-13.906072233871974,6.088423762029166,0,-13.906072233871996,0.07638474699020373
12.3,15.232462142701193,6.070727913841628,1.6050149985125657,-13.86565357835211,6.07072791384163,0,-13.865653578352152,6.070727913841628,1.6050149985125657,-13.86565357835211,6.07072791384163,0,-13.865653578352152,0.07616268632965072
12.32,15.187852765567312,6.052949680801502,1.6003159530525224,-13.825046734371263,6.0529496808014756,0,-13.82504673437127,6.052949680801502,1.6003159530525224,-13.825046734371263,6.0529496808014756,0,-13.82504673437127,0.07593959108503483
12.34,15.143036654891958,6.03508906290859,1.595595150618358,-13.784251701929357,6.035089062908593,0,-13.78425170192935,6.03508906290859,1.595595150618358,-13.784251701929357,6.035089062908593,0,-13.78425170192935,0.07571546125635599
12.36,15.098013810675255,6.017146060163144,1.5908525912100018,-13.743268481026412,6.017146060163146,0,-13.743268481026405,6.017146060163144,1.5908525912100018,-13.743268481026412,6.017146060163146,0,-13.743268481026405,0.07549029684361425
12.38,15.052784232917224,5.999120672565047,1.5860882748273468,-13.7020970716625,5.99912067256502,0,-13.70209707166255,5.999120672565047,1.5860882748273468,-13.7020970716625,5.99912067256502,0,-13.70209707166255,0.07526409784680961
12.4,15.007347921617775,5.981012900114305,1.5813022014705496,-13.660737473837479,5.981012900114337,0,-13.6607374738375,5.981012900114305,1.5813022014705496,-13.660737473837479,5.981012900114337,0,-13.6607374738375,0.07503686426594204
12.42,14.961704876777098,5.962822742811062,1.576494371139539,-13.61918968755149,5.962822742811035,0,-13.619189687551511,5.962822742811062,1.576494371139539,-13.61918968755149,5.962822742811035,0,-13.619189687551511,0.0748085961010116
12.44,14.915855098395028,5.944550200655,1.571664783834322,-13.577453712804477,5.9445502006550015,0,-13.577453712804498,5.944550200655,1.571664783834322,-13.577453712804477,5.9445502006550015,0,-13.577453712804498,0.07457929335201824
12.46,14.869798586471681,5.926195273646426,1.56681343955497,-13.535529549596404,5.9261952736464565,0,-13.535529549596447,5.926195273646426,1.56681343955497,-13.535529549596404,5.9261952736464565,0,-13.535529549596447,0.07434895601896194
12.48,14.82353534100708,5.907757961785242,1.5619403383012767,-13.493417197927357,5.907757961785244,0,-13.4934171979274,5.907757961785242,1.5619403383012767,-13.493417197927357,5.907757961785244,0,-13.4934171979274,0.07411758410184274
12.5,14.777016529191705,5.88921879723142,1.557040309981776,-13.451072211553715,5.889218797231422,0,-13.451072211553765,5.88921879723142,1.557040309981776,-13.451072211553715,5.889218797231422,0,-13.451072211553765,0.07388493428801673
12.52,14.726442360265466,5.869062943570723,1.5517110581258287,-13.405036128275803,5.869062943570725,0,-13.40503612827581,5.869062943570723,1.5517110581258287,-13.405036128275803,5.869062943570725,0,-13.40503612827581,0.07363207387323359
12.54,14.67551055651189,5.8487645462807105,1.546344072875403,-13.358674510449838,5.848764546280712,0,-13.358674510449887,5.8487645462807105,1.546344072875403,-13.358674510449838,5.848764546280712,0,-13.358674510449887,0.07337742699893117
12.56,14.624221117931203,5.828323605361886,1.5409393542303178,-13.311987358075854,5.8283236053618594,0,-13.31198735807584,5.828323605361886,1.5409393542303178,-13.311987358075854,5.8283236053618594,0,-13.31198735807584,0.07312099366510949
12.58,14.572574044523282,5.807740120814094,1.5354969021905553,-13.264974671153773,5.8077401208140955,0,-13.264974671153809,5.807740120814094,1.5354969021905553,-13.264974671153773,5.8077401208140955,0,-13.264974671153809,0.07286277387176857
12.6,14.520569336288352,5.7870140926373725,1.53001671675624,-13.217636449683816,5.787014092637374,0,-13.217636449683866,5.7870140926373725,1.53001671675624,-13.217636449683816,5.787014092637374,0,-13.217636449683866,0.07260276761890834
12.62,14.468206993226156,5.766145520831559,1.5244987979273468,-13.169972693665763,5.766145520831561,0,-13.16997269366577,5.766145520831559,1.5244987979273468,-13.169972693665763,5.766145520831561,0,-13.16997269366577,0.07234097490652881
12.64,14.415487015336826,5.745134405396792,1.5189431457039468,-13.12198340309967,5.745134405396794,0,-13.121983403099705,5.745134405396792,1.5189431457039468,-13.12198340309967,5.745134405396794,0,-13.121983403099705,0.07207739573463005
12.66,14.36240940262038,5.7239807463330585,1.513349760085731,-13.073668577985593,5.723980746333062,0,-13.073668577985657,5.7239807463330585,1.513349760085731,-13.073668577985593,5.723980746333062,0,-13.073668577985657,0.07181203010321204
12.68,14.308974155076797,5.702684543640247,1.5077186410732217,-13.025028218323492,5.702684543640249,0,-13.025028218323513,5.702684543640247,1.5077186410732217,-13.025028218323492,5.702684543640249,0,-13.025028218323513,0.07154487801227473
12.7,14.255181272706146,5.681245797318576,1.5020497886659392,-12.976062324113379,5.681245797318578,0,-12.976062324113386,5.681245797318576,1.5020497886659392,-12.976062324113379,5.681245797318578,0,-12.976062324113386,0.07127593946181812
12.72,14.201030755508363,5.659664507367895,1.4963432028641144,-12.926770895355212,5.659664507367896,0,-12.926770895355261,5.659664507367895,1.4963432028641144,-12.926770895355212,5.659664507367896,0,-12.926770895355261,0.07100521445184227
12.74,14.14652260348363,5.637940673788389,1.4905988836675306,-12.877153932049119,5.637940673788364,0,-12.877153932049154,5.637940673788389,1.4905988836675306,-12.877153932049119,5.637940673788364,0,-12.877153932049154,0.07073270298234716
12.76,14.091656816631684,5.616074296579695,1.4848168310766248,-12.8272114341949,5.616074296579697,0,-12.827211434194908,5.616074296579695,1.4848168310766248,-12.8272114341949,5.616074296579697,0,-12.827211434194908,0.07045840505333277
12.78,14.036433394952784,5.59406537574211,1.478997045090992,-12.776943401792742,5.594065375742112,0,-12.776943401792778,5.59406537574211,1.478997045090992,-12.776943401792742,5.594065375742112,0,-12.776943401792778,0.0701823206647991
12.8,13.980852338446777,5.571913911275454,1.473139525710799,-12.726349834842516,5.571913911275455,0,-12.726349834842551,5.571913911275454,1.473139525710799,-12.726349834842516,5.571913911275455,0,-12.726349834842551,0.06990444981674615
12.82,13.924913647113812,5.549619903179893,1.4672442729358757,-12.675430733344307,5.549619903179895,0,-12.675430733344328,5.549619903179893,1.4672442729358757,-12.675430733344307,5.549619903179895,0,-12.675430733344328,0.06962479250917396
12.84,13.86861732095386,5.5271833514553155,1.4613112867666764,-12.624186097298065,5.527183351455317,0,-12.624186097298093,5.5271833514553155,1.4613112867666764,-12.624186097298065,5.527183351455317,0,-12.624186097298093,0.06934334874208248
12.86,13.811963359967057,5.504604256101933,1.4553405672025193,-12.572615926703897,5.504604256101935,0,-12.572615926703946,5.504604256101933,1.4553405672025193,-12.572615926703897,5.504604256101935,0,-12.572615926703946,0.06906011851547172
12.88,13.754951764153148,5.481882617119419,1.4493321142439264,-12.520720221561582,5.481882617119421,0,-12.520720221561618,5.481882617119419,1.4493321142439264,-12.520720221561582,5.481882617119421,0,-12.520720221561618,0.06877510182934168
12.9,13.697582533512326,5.459018434507856,1.44328592789077,-12.468498981871285,5.459018434507829,0,-12.46849898187132,5.459018434507856,1.44328592789077,-12.468498981871285,5.459018434507829,0,-12.46849898187132,0.06848829868369238
12.92,13.639855668044696,5.436011708267392,1.437202008143025,-12.415952207633033,5.436011708267394,0,-12.415952207633069,5.436011708267392,1.437202008143025,-12.415952207633033,5.436011708267394,0,-12.415952207633069,0.06819970907852384
12.94,13.581771167750189,5.412862438398042,1.4310803550005922,-12.363079898846728,5.412862438398044,0,-12.363079898846763,5.412862438398042,1.4310803550005922,-12.363079898846728,5.412862438398044,0,-12.363079898846763,0.06790933301383599
12.96,13.52332903262877,5.389570624899603,1.4249209684636561,-12.309882055512361,5.389570624899605,0,-12.309882055512361,5.389570624899603,1.4249209684636561,-12.309882055512361,5.389570624899605,0,-12.309882055512361,0.06761717048962884
12.98,13.464529262680717,5.366136267772331,1.4187238485320357,-12.256358677630125,5.366136267772333,0,-12.256358677630132,5.366136267772331,1.4187238485320357,-12.256358677630125,5.366136267772333,0,-12.256358677630132,0.06732322150590249
13.0,13.405371857905632,5.342559367015808,1.4124889952059192,-12.2025097651997,5.342559367015809,0,-12.202509765199721,5.342559367015808,1.4124889952059192,-12.2025097651997,5.342559367015809,0,-12.202509765199721,0.06702748606265684
13.02,13.345856818303911,5.318839922630483,1.406216408485225,-12.148335318221307,5.3188399226304846,0,-12.14833531822137,5.318839922630483,1.406216408485225,-12.148335318221307,5.3188399226304846,0,-12.14833531822137,0.06672996415989192
13.04,13.285984143875451,5.294977934616137,1.3999060883699102,-12.093835336694887,5.2949779346161385,0,-12.093835336694937,5.294977934616137,1.3999060883699102,-12.093835336694887,5.2949779346161385,0,-12.093835336694937,0.06643065579760771
13.06,13.22575383462042,5.27097340297286,1.3935580348599714,-12.039009820620556,5.270973402972835,0,-12.039009820620592,5.27097340297286,1.3935580348599714,-12.039009820620556,5.270973402972835,0,-12.039009820620592,0.06612956097580425
13.08,13.165165890538649,5.246826327700619,1.3871722479552808,-11.983858769998115,5.246826327700621,0,-11.983858769998179,5.246826327700619,1.3871722479552808,-11.983858769998115,5.246826327700621,0,-11.983858769998179,0.0658266796944815
13.1,13.104220311630254,5.222536708799273,1.380748727656261,-11.928382184827662,5.222536708799275,0,-11.928382184827669,5.222536708799273,1.380748727656261,-11.928382184827662,5.222536708799275,0,-11.928382184827669,0.0655220119536395
13.12,13.042917097895408,5.19810454626907,1.374287473962596,-11.872580065109268,5.198104546269072,0,-11.872580065109304,5.19810454626907,1.374287473962596,-11.872580065109268,5.198104546269072,0,-11.872580065109304,0.0652155577532782
13.14,12.981256249333917,5.173529840109792,1.3677884868742147,-11.816452410842778,5.1735298401097936,0,-11.8164524108428,5.173529840109792,1.3677884868742147,-11.816452410842778,5.1735298401097936,0,-11.8164524108428,0.06490731709339764
13.16,12.919237765945994,5.14881259032161,1.3612517663913266,-11.759999222028277,5.1488125903216115,0,-11.759999222028299,5.14881259032161,1.3612517663913266,-11.759999222028277,5.1488125903216115,0,-11.759999222028299,0.06459728997399783
13.18,12.856861647731591,5.123952796904403,1.3546773125138216,-11.703220498665736,5.123952796904405,0,-11.703220498665758,5.123952796904403,1.3546773125138216,-11.703220498665736,5.123952796904405,0,-11.703220498665758,0.06428547639507873
13.2,12.794127894690902,5.098950459858342,1.3480651252417104,-11.64611624075524,5.098950459858344,0,-11.646116240755262,5.098950459858342,1.3480651252417104,-11.64611624075524,5.098950459858344,0,-11.646116240755262,0.06397187635664035
13.22,12.731036506823834,5.07380557918321,1.3414152045749645,-11.58868644829672,5.073805579183212,0,-11.588686448296741,5.07380557918321,1.3414152045749645,-11.58868644829672,5.073805579183212,0,-11.588686448296741,0.0636564898586827
13.24,12.667587484130575,5.04851815487917,1.3347275505137048,-11.530931121290244,5.048518154879172,0,-11.530931121290266,5.04851815487917,1.3347275505137048,-11.530931121290244,5.048518154879172,0,-11.530931121290266,0.06333931690120578
13.26,12.603780826610903,5.023088186945968,1.3280021630577892,-11.472850259735644,5.023088186945941,0,-11.472850259735665,5.023088186945968,1.3280021630577892,-11.472850259735644,5.023088186945941,0,-11.472850259735665,0.06302035748420962
13.28,12.539616534265186,4.99751567538396,1.3212390422074485,-11.414443863633075,4.997515675383962,0,-11.414443863633096,4.99751567538396,1.3212390422074485,-11.414443863633075,4.997515675383962,0,-11.414443863633096,0.06269961160769415
13.3,12.475094607093236,4.9718006201928855,1.3144381879622955,-11.355711932982423,4.971800620192859,0,-11.355711932982473,4.9718006201928855,1.3144381879622955,-11.355711932982423,4.971800620192859,0,-11.355711932982473,0.06237707927165942
13.32,12.410215045095326,4.945943021372786,1.3075996003227779,-11.29665446778386,4.945943021372788,0,-11.296654467783853,4.945943021372786,1.3075996003227779,-11.29665446778386,4.945943021372788,0,-11.296654467783853,0.06205276047610544
13.34,12.344977848271427,4.919942878923928,1.3007232792884125,-11.237271468037214,4.91994287892393,0,-11.237271468037235,4.919942878923928,1.3007232792884125,-11.237271468037214,4.91994287892393,0,-11.237271468037235,0.06172665522103217
13.36,12.279383016621589,4.893800192845928,1.293809224859686,-11.177562933742585,4.89380019284593,0,-11.177562933742607,4.893800192845928,1.293809224859686,-11.177562933742585,4.89380019284593,0,-11.177562933742607,0.06139876350643963
13.38,12.213430550145748,4.867514963138843,1.286857437036229,-11.117528864899846,4.867514963138845,0,-11.117528864899882,4.867514963138843,1.286857437036229,-11.117528864899846,4.867514963138845,0,-11.117528864899882,0.061069085332327785
13.4,12.147120448844298,4.841087189802975,1.2798679158181585,-11.057169261509209,4.841087189802977,0,-11.05716926150923,4.841087189802975,1.2798679158181585,-11.057169261509209,4.841087189802977,0,-11.05716926150923,0.06073762069869672
13.42,12.080452712717129,4.814516872838082,1.2728406612055352,-10.99648412357056,4.814516872838084,0,-10.996484123570568,4.814516872838082,1.2728406612055352,-10.99648412357056,4.814516872838084,0,-10.996484123570568,0.06040436960554636
13.44,12.0134273417642,4.787804012244086,1.2657756731982737,-10.93547345108383,4.787804012244116,0,-10.935473451083837,4.787804012244086,1.2657756731982737,-10.93547345108383,4.787804012244116,0,-10.935473451083837,0.060069332052876734
13.46,11.946044335985862,4.760948608021343,1.2586729517965551,-10.87413724404913,4.760948608021344,0,-10.874137244049138,4.760948608021343,1.2586729517965551,-10.87413724404913,4.760948608021344,0,-10.874137244049138,0.059732508040687825
13.48,11.878303695381952,4.733950660169503,1.2515324970001522,-10.812475502466377,4.733950660169505,0,-10.812475502466427,4.733950660169503,1.2515324970001522,-10.812475502466377,4.733950660169505,0,-10.812475502466427,0.05939389756897965
13.5,11.810205419952617,4.706810168688614,1.2443543088091786,-10.750488226335598,4.7068101686885875,0,-10.750488226335648,4.706810168688614,1.2443543088091786,-10.750488226335598,4.7068101686885875,0,-10.750488226335648,0.05905350063775221
13.52,11.739671349098918,4.678699446759955,1.2369216210676406,-10.686283300191654,4.678699446759957,0,-10.686283300191675,4.678699446759955,1.2369216210676406,-10.686283300191654,4.678699446759957,0,-10.686283300191675,0.058700850362981
13.54,11.665279370637457,4.649052097585768,1.2290860978906792,-10.618565924943375,4.64905209758577,0,-10.618565924943383,4.649052097585768,1.2290860978906792,-10.618565924943375,4.64905209758577,0,-10.618565924943383,0.05832878412051686
13.56,11.590316821400886,4.619177396958351,1.221190630664836,-10.550329142063667,4.619177396958353,0,-10.550329142063688,4.619177396958351,1.221190630664836,-10.550329142063667,4.619177396958353,0,-10.550329142063688,0.05795385894324536
13.58,11.514783701389563,4.589075344877861,1.2132352193895137,-10.481572951552671,4.5890753448778625,0,-10.481572951552693,4.589075344877861,1.2132352193895137,-10.481572951552671,4.5890753448778625,0,-10.481572951552693,0.05757607483116647
13.6,11.43868001060372,4.5587459413443,1.2052198640652385,-10.412297353410331,4.558745941344302,0,-10.412297353410338,4.5587459413443,1.2052198640652385,-10.412297353410331,4.558745941344302,0,-10.412297353410338,0.05719543178428018
13.62,11.362005749043554,4.528189186357654,1.1971445646916266,-10.342502347636632,4.528189186357654,0,-10.342502347636653,4.528189186357654,1.1971445646916266,-10.342502347636632,4.528189186357654,0,-10.342502347636653,0.056811929802586494
13.64,11.284760916709295,4.497405079917774,1.1890093212690331,-10.272187934231546,4.497405079917776,0,-10.27218793423161,4.497405079917774,1.1890093212690331,-10.272187934231546,4.497405079917776,0,-10.27218793423161,0.05642556888608542
13.66,11.206945513601406,4.466393622024883,1.180814133797199,-10.201354113195187,4.466393622024885,0,-10.201354113195208,4.466393622024883,1.180814133797199,-10.201354113195187,4.466393622024885,0,-10.201354113195208,0.05603634903477698
13.68,11.128559539720104,4.435154812679004,1.1725590022760422,-10.130000884527455,4.435154812678977,0,-10.13000088452749,4.435154812679004,1.1725590022760422,-10.130000884527455,4.435154812678977,0,-10.13000088452749,0.05564427024866114
13.7,11.049602995065737,4.403688651879898,1.1642439267058187,-10.05812824822842,4.403688651879872,0,-10.058128248228428,4.403688651879898,1.1642439267058187,-10.05812824822842,4.403688651879872,0,-10.058128248228428,0.05524933252773787
13.72,10.970075879638612,4.371995139627645,1.155868907086532,-9.985736204297993,4.371995139627646,0,-9.985736204298007,4.371995139627645,1.155868907086532,-9.985736204297993,4.371995139627646,0,-9.985736204298007,0.05485153587200725
13.74,10.889978193439294,4.340074275922463,1.1474339434179157,-9.912824752736306,4.340074275922465,0,-9.912824752736327,4.340074275922463,1.1474339434179157,-9.912824752736306,4.340074275922465,0,-9.912824752736327,0.05445088028146926
13.76,10.809309936467947,4.307926060764009,1.1389390357002505,-9.839393893543196,4.307926060763982,0,-9.839393893543217,4.307926060764009,1.1389390357002505,-9.839393893543196,4.307926060763982,0,-9.839393893543217,0.05404736575612384
13.78,10.728071108725207,4.275550494152585,1.1303841839333906,-9.76544362671877,4.275550494152586,0,-9.765443626718806,4.275550494152585,1.1303841839333906,-9.76544362671877,4.275550494152586,0,-9.765443626718806,0.05364099229597101
13.8,10.64626171021143,4.24294757608793,1.1217693881174036,-9.690973952263,4.242947576087904,0,-9.69097395226298,4.24294757608793,1.1217693881174036,-9.690973952263,4.242947576087904,0,-9.69097395226298,0.05323175990101084
13.82,10.563881740927236,4.210117306570316,1.1130946482521402,-9.615984870175929,4.210117306570318,0,-9.615984870175964,4.210117306570316,1.1130946482521402,-9.615984870175929,4.210117306570318,0,-9.615984870175964,0.05281966857124326
13.84,10.480931200872991,4.177059685599547,1.1043599643378066,-9.540476380457434,4.1770596855995485,0,-9.540476380457463,4.177059685599547,1.1043599643378066,-9.540476380457434,4.1770596855995485,0,-9.540476380457463,0.052404718306668305
13.86,10.39741009004942,4.1437747131756755,1.0955653363742535,-9.464448483107695,4.143774713175649,0,-9.464448483107716,4.1437747131756755,1.0955653363742535,-9.464448483107695,4.143774713175649,0,-9.464448483107716,0.051986909107285956
13.88,10.313318408456993,4.110262389298692,1.086710764361559,-9.387901178126562,4.110262389298665,0,-9.387901178126583,4.110262389298692,1.086710764361559,-9.387901178126562,4.110262389298665,0,-9.387901178126583,0.051566240973096165
13.9,10.22865615609648,4.0765227139687585,1.077796248299716,-9.310834465514127,4.076522713968732,0,-9.310834465514148,4.0765227139687585,1.077796248299716,-9.310834465514127,4.076522713968732,0,-9.310834465514148,0.05114271390409904
13.92,10.1434233329684,4.04255568718556,1.0688217881886324,-9.233248345270361,4.042555687185562,0,-9.233248345270383,4.04255568718556,1.0688217881886324,-9.233248345270361,4.042555687185562,0,-9.233248345270383,0.050716327900294525
13.94,10.057619939073469,4.00836130894926,1.0597873840284144,-9.155142817395202,4.008361308949262,0,-9.155142817395244,4.00836130894926,1.0597873840284144,-9.155142817395202,4.008361308949262,0,-9.155142817395244,0.0502870829616826
13.96,9.971245974412533,3.9739395792599286,1.0506930358191369,-9.076517881888712,3.9739395792599588,0,-9.076517881888734,3.9739395792599286,1.0506930358191369,-9.076517881888712,3.9739395792599588,0,-9.076517881888734,0.049854979088263265
13.98,9.88430143898627,3.9392904981173924,1.0415387435605616,-8.997373538750871,3.9392904981173658,0,-8.997373538750892,3.9392904981173924,1.0415387435605616,-8.997373538750871,3.9392904981173658,0,-8.997373538750892,0.04942001628003658
14.0,9.796786332795651,3.9044140655218467,1.0323245072528557,-8.917709787981707,3.9044140655218484,0,-8.917709787981707,3.9044140655218467,1.0323245072528557,-8.917709787981707,3.9044140655218484,0,-8.917709787981707,0.048982194537002484
14.02,9.708700655841511,3.8693102814731954,1.02305032689598,-8.83752662958122,3.869310281473169,0,-8.837526629581248,3.8693102814731954,1.02305032689598,-8.83752662958122,3.869310281473169,0,-8.837526629581248,0.04854151385916101
14.04,9.62004440812483,3.8339791459714654,1.0137162024899986,-8.75682406354943,3.833979145971467,0,-8.756824063549459,3.8339791459714654,1.0137162024899986,-8.75682406354943,3.833979145971467,0,-8.756824063549459,0.04809797424651211
14.06,9.530817589646478,3.7984206590166156,1.0043221340346484,-8.675602089886254,3.7984206590166174,0,-8.675602089886297,3.7984206590166156,1.0043221340346484,-8.675602089886254,3.7984206590166174,0,-8.675602089886297,0.04765157569905586
14.08,9.441020200407593,3.762634820608679,0.9948681215303559,-8.593860708591713,3.762634820608694,0,-8.59386070859177,3.762634820608679,0.9948681215303559,-8.593860708591713,3.762634820608694,0,-8.59386070859177,0.047202318216792216
14.1,9.350652240409298,3.7266216307476405,0.985354164976755,-8.511599919665876,3.7266216307476423,0,-8.51159991966589,3.7266216307476405,0.985354164976755,-8.511599919665876,3.7266216307476423,0,-8.51159991966589,0.046750201799721176
14.12,9.258760760205865,3.690001136236507,0.9756791763957509,-8.427952413183249,3.690001136236509,0,-8.427952413183291,3.690001136236507,0.9756791763957509,-8.427952413183249,3.690001136236509,0,-8.427952413183291,0.04629048499279634
14.14,9.160000147159838,3.6506419725880024,0.9652760982419295,-8.338052975245553,3.6506419725880033,0,-8.338052975245567,3.6506419725880024,0.9652760982419295,-8.338052975245553,3.6506419725880033,0,-8.338052975245567,0.04579657039142887
14.16,9.060208826883933,3.6108719951630457,0.9547642651972943,-8.247215344691323,3.6108719951630324,0,-8.247215344691348,3.6108719951630457,0.9547642651972943,-8.247215344691323,3.6108719951630324,0,-8.247215344691348,0.045297507419697854
14.18,8.959386799377889,3.57069120396167,0.9441436772616569,-8.15543952152051,3.5706912039616565,0,-8.15543952152052,3.57069120396167,0.9441436772616569,-8.15543952152051,3.5706912039616565,0,-8.15543952152052,0.04479329607760328
14.2,8.857534064641555,3.5300995989838135,0.9334143344351205,-8.06272550573317,3.530099598983801,0,-8.062725505733184,3.5300995989838135,0.9334143344351205,-8.06272550573317,3.530099598983801,0,-8.062725505733184,0.04428393636514513
14.22,8.754650622674738,3.489097180229563,0.9225762367176458,-7.9690732973292775,3.4890971802295496,0,-7.969073297329288,3.489097180229563,0.9225762367176458,-7.9690732973292775,3.4890971802295496,0,-7.969073297329288,0.043769428282323476
14.24,8.650736473477302,3.4476839476989216,0.9116293841092507,-7.874482896308898,3.4476839476989234,0,-7.874482896308912,3.4476839476989216,0.9116293841092507,-7.874482896308898,3.4476839476989234,0,-7.874482896308912,0.043249771829138285
14.26,8.545791617048911,3.405859901391784,0.9005737766099884,-7.778954302671902,3.4058599013918,0,-7.778954302671899,3.405859901391784,0.9005737766099884,-7.778954302671902,3.4058599013918,0,-7.778954302671899,0.042724967005589545
14.28,8.439816053389459,3.3636250413082234,0.8894094142198092,-7.682487516418355,3.363625041308225,0,-7.6824875164183695,3.3636250413082234,0.8894094142198092,-7.682487516418355,3.363625041308225,0,-7.6824875164183695,0.04219501381167721
14.3,8.332809782498789,3.3209793674482055,0.8781362969386421,-7.585082537548306,3.3209793674482064,0,-7.585082537548331,3.3209793674482055,0.8781362969386421,-7.585082537548306,3.3209793674482064,0,-7.585082537548331,0.04165991224740139
14.32,8.224772804376716,3.27792287981178,0.8667544247666434,-7.486739366061716,3.277922879811781,0,-7.486739366061755,3.27792287981178,0.8667544247666434,-7.486739366061716,3.277922879811781,0,-7.486739366061755,0.04111966231276202
14.34,8.115705119023065,3.23445557839897,0.8552637977036461,-7.3874580019585885,3.234455578398972,0,-7.387458001958606,3.23445557839897,0.8552637977036461,-7.3874580019585885,3.234455578398972,0,-7.387458001958606,0.040574264007759105
14.36,8.005606726437648,3.190577463209701,0.8436644157497817,-7.287238445238938,3.190577463209703,0,-7.287238445238948,3.190577463209701,0.8436644157497817,-7.287238445238938,3.190577463209703,0,-7.287238445238948,0.040023717332392655
14.38,7.8944776266202865,3.146288534244035,0.8319562789049861,-7.186080695902721,3.146288534244036,0,-7.186080695902724,3.146288534244035,0.8319562789049861,-7.186080695902721,3.146288534244036,0,-7.186080695902724,0.039468022286662595
14.4,7.782317819570777,3.101588791501862,0.8201393871693163,-7.083984753949952,3.1015887915018627,0,-7.083984753949963,3.101588791501862,0.8201393871693163,-7.083984753949952,3.1015887915018627,0,-7.083984753949963,0.03890717887056905
14.42,7.669127305288974,3.056478234983282,0.8082137405426337,-6.980950619380625,3.056478234983283,0,-6.9809506193806286,3.056478234983282,0.8082137405426337,-6.980950619380625,3.056478234983283,0,-6.9809506193806286,0.03834118708411196
14.44,7.554906083774801,3.0109568646883007,0.7961793390251017,-6.8769782921948135,3.0109568646883016,0,-6.876978292194828,3.0109568646883007,0.7961793390251017,-6.8769782921948135,3.0109568646883016,0,-6.876978292194828,0.03777004692729132
14.46,7.439654155027956,2.965024680616861,0.7840361826166067,-6.772067772392393,2.965024680616862,0,-6.772067772392418,2.965024680616861,0.7840361826166067,-6.772067772392393,2.965024680616862,0,-6.772067772392418,0.037193758400107094
14.48,7.323371519048367,2.9186816827689723,0.7717842713172907,-6.6662190599734465,2.918681682768973,0,-6.6662190599734785,2.9186816827689723,0.7717842713172907,-6.6662190599734465,2.918681682768973,0,-6.6662190599734785,0.03661232150255937
14.5,7.206058175835841,2.871927871144652,0.7594236051269512,-6.559432154937948,2.8719278711446528,0,-6.559432154937987,2.871927871144652,0.7594236051269512,-6.559432154937948,2.8719278711446528,0,-6.559432154937987,0.036025736234648116
14.52,7.087714125390343,2.824763245743955,0.7469541840456966,-6.451707057285979,2.8247632457439558,0,-6.451707057285994,2.824763245743955,0.7469541840456966,-6.451707057285979,2.8247632457439558,0,-6.451707057285994,0.0354340025963733
14.54,6.968339367711561,2.7771878065667996,0.7343760080735979,-6.343043767017399,2.7771878065668005,0,-6.343043767017427,2.7771878065667996,0.7343760080735979,-6.343043767017399,2.7771878065668005,0,-6.343043767017427,0.03483712058773489
14.56,6.847933902799452,2.7292015536132554,0.7216890772105664,-6.233442284132298,2.7292015536132563,0,-6.233442284132309,2.7292015536132554,0.7216890772105664,-6.233442284132298,2.7292015536132563,0,-6.233442284132309,0.034235090208733
14.58,6.726497730653792,2.6808044868831624,0.7088933914565967,-6.122902608630657,2.6808044868831633,0,-6.122902608630682,2.6808044868831624,0.7088933914565967,-6.122902608630657,2.6808044868831633,0,-6.122902608630682,0.033627911459367554
14.6,6.60403085127451,2.6319966063767053,0.6959889508117456,-6.011424740512464,2.631996606376692,0,-6.0114247405124885,2.6319966063767053,0.6959889508117456,-6.011424740512464,2.631996606376692,0,-6.0114247405124885,0.033015584339638575
14.62,6.480533264661444,2.5827779120938237,0.6829757552758728,-5.89900867977774,2.5827779120938246,0,-5.899008679777758,2.5827779120938237,0.6829757552758728,-5.89900867977774,2.5827779120938246,0,-5.899008679777758,0.032398108849546
14.64,6.356004970814485,2.533148404034539,0.6698538048491667,-5.785654426426479,2.53314840403454,0,-5.785654426426504,2.533148404034539,0.6698538048491667,-5.785654426426479,2.53314840403454,0,-5.785654426426504,0.03177548498908992
14.66,6.2304459697334735,2.4831080821988296,0.6566230995315046,-5.6713619804586735,2.4831080821988163,0,-5.671361980458677,2.4831080821988296,0.6566230995315046,-5.6713619804586735,2.4831080821988163,0,-5.671361980458677,0.0311477127582703
14.68,6.103856261418225,2.4326569465866,0.6432836393229682,-5.556131341874302,2.432656946586601,0,-5.556131341874327,2.4326569465866,0.6432836393229682,-5.556131341874302,2.432656946586601,0,-5.556131341874327,0.030514792157087144
14.7,5.976235845868702,2.3817949971980017,0.6298354242234829,-5.439962510673393,2.3817949971979875,0,-5.4399625106734035,2.3817949971980017,0.6298354242234829,-5.439962510673393,2.3817949971979875,0,-5.4399625106734035,0.02987672318554039
14.72,5.847584723084781,2.3305222340329736,0.6162784542330844,-5.322855486855975,2.3305222340329603,0,-5.322855486855985,2.3305222340329736,0.6162784542330844,-5.322855486855975,2.3305222340329603,0,-5.322855486855985,0.02923350584363014
14.74,5.712869908995396,2.276833137261396,0.6020838709967116,-5.200228631564965,2.276833137261397,0,-5.2002286315649755,2.276833137261396,0.6020838709967116,-5.200228631564965,2.276833137261397,0,-5.2002286315649755,0.028559929385886734
14.76,5.576159237814041,2.222348638334921,0.5876791163817625,-5.075784985983109,2.222348638334921,0,-5.075784985983127,2.222348638334921,0.5876791163817625,-5.075784985983109,2.222348638334921,0,-5.075784985983127,0.02787637002083164
14.78,5.438054626220515,2.167308586182201,0.5731274388826453,-4.95007248843255,2.1673085861822017,0,-4.950072488432546,2.167308586182201,0.5731274388826453,-4.95007248843255,2.1673085861822017,0,-4.950072488432546,0.02718584281228887
14.8,5.298556074214993,2.111712980803107,0.5584288384992515,-4.823091138913316,2.111712980803107,0,-4.823091138913348,2.111712980803107,0.5584288384992515,-4.823091138913316,2.111712980803107,0,-4.823091138913348,0.02648834776025855
14.82,5.157663581797684,2.0555618221976726,0.543583315231821,-4.694840937425326,2.0555618221976726,0,-4.69484093742534,2.0555618221976726,0.543583315231821,-4.694840937425326,2.0555618221976726,0,-4.69484093742534,0.025783884864740612
14.84,5.015377148968944,1.9988551103659278,0.5285908690801122,-4.565321883968682,1.9988551103659287,0,-4.565321883968707,1.9988551103659278,0.5285908690801122,-4.565321883968682,1.9988551103659287,0,-4.565321883968707,0.025072454125735066
14.86,4.871696775729035,1.9415928453078868,0.513451500044189,-4.434533978543314,1.9415928453078877,0,-4.434533978543314,1.9415928453078868,0.513451500044189,-4.434533978543314,1.9415928453078877,0,-4.434533978543314,0.02435405554324191
14.88,4.726622462078321,1.8837750270235127,0.49816520812410303,-4.302477221149232,1.8837750270235132,0,-4.302477221149225,1.8837750270235127,0.49816520812410303,-4.302477221149232,1.8837750270235132,0,-4.302477221149225,0.023628689117261067
14.9,4.580154208017232,1.825401655512814,0.48273199331983463,-4.169151611786448,1.8254016555128079,0,-4.16915161178645,1.825401655512814,0.48273199331983463,-4.169151611786448,1.8254016555128079,0,-4.16915161178645,0.02289635484779268
14.92,4.432292013546245,1.7664727307757775,0.46715185563138917,-4.034557150454967,1.766472730775778,0,-4.034557150454972,1.7664727307757775,0.46715185563138917,-4.034557150454967,1.766472730775778,0,-4.034557150454972,0.022157052734836674
14.94,4.283035878665882,1.7069882528123794,0.4514247950587169,-3.8986938371547684,1.7069882528123799,0,-3.898693837154781,1.7069882528123794,0.4514247950587169,-3.8986938371547684,1.7069882528123799,0,-3.898693837154781,0.02141078277839307
14.96,4.13238580337684,1.6469482216226914,0.4355508116019138,-3.7615616718858558,1.6469482216226918,0,-3.761561671885868,1.6469482216226914,0.4355508116019138,-3.7615616718858558,1.6469482216226918,0,-3.761561671885868,0.020657544978461773
14.98,3.980341787679878,1.5863526372066796,0.41952990526090694,-3.6231606546482507,1.586352637206673,0,-3.623160654648256,1.5863526372066796,0.41952990526090694,-3.6231606546482507,1.586352637206673,0,-3.623160654648256,0.01989733933504293
15.0,3.8269038315758914,1.5252014995643424,0.4033620760356893,-3.4834907854419495,1.5252014995643428,0,-3.4834907854419583,1.5252014995643424,0.4033620760356893,-3.4834907854419495,1.5252014995643428,0,-3.4834907854419583,0.01913016584813648
15.02,3.672071935065942,1.4634948086956885,0.38704732392627506,-3.3425520642669415,1.463494808695689,0,-3.342552064266936,1.4634948086956885,0.38704732392627506,-3.3425520642669415,1.463494808695689,0,-3.342552064266936,0.01835602451774241
15.04,3.515846098151293,1.4012325646007007,0.3705856489326944,-3.2003444911232126,1.4012325646007016,0,-3.2003444911232144,1.4012325646007007,0.3705856489326944,-3.2003444911232126,1.4012325646007016,0,-3.2003444911232144,0.017574915343860662
15.06,3.3582263208335057,1.3384147672793811,0.3539770510549296,-3.056868066010784,1.3384147672793816,0,-3.0568680660107965,1.3384147672793811,0.3539770510549296,-3.056868066010784,1.3384147672793816,0,-3.0568680660107965,0.016786838326491367
15.08,3.199212603114476,1.2750414167317659,0.33722153029297974,-2.912122788929663,1.2750414167317663,0,-2.9121227889296684,1.2750414167317659,0.33722153029297974,-2.912122788929663,1.2750414167317663,0,-2.9121227889296684,0.015991793465634462
15.1,3.0388049449964645,1.2111125129577833,0.32031908664682796,-2.766108659879828,1.2111125129577838,0,-2.766108659879837,1.2111125129577833,0.32031908664682796,-2.766108659879828,1.2111125129577838,0,-2.766108659879837,0.015189780761289937
15.12,2.8770033464823745,1.146628055957502,0.3032697201165,-2.6188256788612865,1.1466280559574953,0,-2.6188256788612883,1.146628055957502,0.3032697201165,-2.6188256788612865,1.1466280559574953,0,-2.6188256788612883,0.014380800213457732
15.14,2.7138078075758147,1.0815880457309053,0.2860734307019728,-2.470273845874045,1.0815880457309053,0,-2.470273845874054,1.0815880457309053,0.2860734307019728,-2.470273845874045,1.0815880457309053,0,-2.470273845874054,0.013564851822137985
15.16,2.549218328281374,1.0159924822779618,0.2687302184032596,-2.3204531609181007,1.0159924822779622,0,-2.3204531609181096,1.0159924822779618,0.2687302184032596,-2.3204531609181007,1.0159924822779622,0,-2.3204531609181096,0.012741935587330624
15.18,2.383234908605014,0.949841365598687,0.25124008322037383,-2.1693636239934353,0.9498413655986875,0,-2.169363623993439,0.949841365598687,0.25124008322037383,-2.1693636239934353,0.9498413655986875,0,-2.169363623993439,0.01191205150903565
15.2,2.2158575485546397,0.8831346956931014,0.23360302515329145,-2.017005235100074,0.8831346956930983,0,-2.0170052351000773,0.8831346956931014,0.23360302515329145,-2.017005235100074,0.8831346956930983,0,-2.0170052351000773,0.01107519958725299
15.22,2.0470862481408596,0.8158724725612019,0.2158190442020098,-1.8633779942380135,0.8158724725612023,0,-1.8633779942380126,0.8158724725612019,0.2158190442020098,-1.8633779942380135,0.8158724725612023,0,-1.8633779942380126,0.01023137982198279
15.24,1.8769210073783014,0.7480546962029588,0.19788814036655467,-1.7084819014072457,0.7480546962029591,0,-1.70848190140725,0.7480546962029588,0.19788814036655467,-1.7084819014072457,0.7480546962029591,0,-1.70848190140725,0.009380592213224978
15.26,1.7050859303572932,0.6795709885565746,0.1797792007679151,-1.5520661748327536,0.6795709885565748,0,-1.5520661748327562,0.6795709885565746,0.1797792007679151,-1.5520661748327536,0.6795709885565748,0,-1.5520661748327562,0.008521518254868741
15.28,1.5317946178089326,0.6105068051646014,0.16151631323582993,-1.3943249716893993,0.6105068051646017,0,-1.3943249716894037,0.6105068051646014,0.16151631323582993,-1.3943249716893993,0.6105068051646017,0,-1.3943249716894037,0.007655178744464015
15.3,1.3570858489347706,0.540877660467171,0.14310385091185962,-1.2352935411813055,0.5408776604671712,0,-1.2352935411813064,0.540877660467171,0.14310385091185962,-1.2352935411813055,0.5408776604671712,0,-1.2352935411813064,0.00678175900764312
15.32,1.180959623771169,0.47068355446425536,0.12454181379604945,-1.0749718833084456,0.4706835544642556,0,-1.0749718833084492,0.47068355446425536,0.12454181379604945,-1.0749718833084456,0.4706835544642556,0,-1.0749718833084492,0.00590125904440598
15.34,1.003415942381119,0.39992448715587525,0.1058302018883901,-0.91335999807082,0.39992448715587714,0,-0.9133599980708196,0.39992448715587525,0.1058302018883901,-0.91335999807082,0.39992448715587714,0,-0.9133599980708196,0.005013678854752596
15.36,0.8244548048836914,0.3286004585420318,0.08696901518889799,-0.7504578854684323,0.3286004585420319,0,-0.7504578854684345,0.3286004585420318,0.08696901518889799,-0.7504578854684323,0.3286004585420319,0,-0.7504578854684345,0.00411901843868297
15.38,0.6440762115339191,0.25671146862270333,0.06795825369753472,-0.5862655455012651,0.25671146862270167,0,-0.5862655455012673,0.25671146862270333,0.06795825369753472,-0.5862655455012651,0.25671146862270167,0,-0.5862655455012673,0.003217277796197014
15.4,0.4622801629939498,0.18425751739789958,0.04879791741432249,-0.4207829781693433,0.18425751739789875,0,-0.4207829781693464,0.18425751739789958,0.04879791741432249,-0.4207829781693433,0.18425751739789875,0,-0.4207829781693464,0.0023084569272948953
15.42,0.27906666168211103,0.11123860486763079,0.029488006339277617,-0.25401018347266147,0.11123860486763082,0,-0.25401018347266224,0.11123860486763079,0.029488006339277617,-0.25401018347266147,0.11123860486763082,0,-0.25401018347266224,0.0013925558319765347
15.44,0.09443572903966378,0.03765473103189966,0.010028520472361635,-0.08594716141121822,0.037654731031899896,0,-0.08594716141121839,0.03765473103189966,0.010028520472361635,-0.08594716141121822,0.037654731031899896,0,-0.08594716141121839,4.695745102419263E-4
15.46,0.09161278800865036,-0.03649410410930941,-0.00958054018639981,0.0834060880149981,-0.03649410410930942,0,0.0834060880149986,-0.03649410410930941,-0.00958054018639981,0.0834060880149981,-0.03649410410930942,0,0.0834060880149986,-4.6048703790900784E-4
15.48,0.27907863199749294,-0.11120790055599267,-0.02933917563699817,0.2540495648059674,-0.11120790055599272,0,0.2540495648059682,-0.11120790055599267,-0.02933917563699817,0.2540495648059674,-0.11120790055599272,0,0.2540495648059682,-0.0013976288124761065
15.5,0.4679619588202771,-0.1864866583081441,-0.049247385879450656,0.4259832689617016,-0.18648665830814326,0,0.4259832689617018,-0.1864866583081441,-0.049247385879450656,0.4259832689617016,-0.18648665830814326,0,0.4259832689617018,-0.0023418508134594477
15.52,0.6582627457703843,-0.26233037736576914,-0.06930517091375199,0.5992072004821964,-0.26233037736576925,0,0.5992072004821996,-0.26233037736576914,-0.06930517091375199,0.5992072004821964,-0.26233037736576925,0,0.5992072004821996,-0.0032931530408590332
15.54,0.8499809903634712,-0.33873905772886825,-0.08951253073990317,0.7737213593674714,-0.3387390577288685,0,0.7737213593674737,-0.33873905772886825,-0.08951253073990317,0.7737213593674714,-0.3387390577288685,0,0.7737213593674737,-0.004251535494674949
15.56,1.0431166919248938,-0.4157126993974255,-0.1098694653579102,0.9495257456174877,-0.4157126993974256,0,0.9495257456174908,-0.4157126993974255,-0.1098694653579102,0.9495257456174877,-0.4157126993974256,0,0.9495257456174908,-0.005216998174907025
15.58,1.2376698501958805,-0.49325130237145776,-0.13037597476777973,1.1266203592322714,-0.4932513023714544,0,1.126620359232275,-0.49325130237145776,-0.13037597476777973,1.1266203592322714,-0.4932513023714544,0,1.126620359232275,-0.006189541081555345
15.6,1.4336404650559094,-0.5713548666509658,-0.15103205896946337,1.3050052002118262,-0.571354866650966,0,1.3050052002118306,-0.5713548666509658,-0.15103205896946337,1.3050052002118262,-0.571354866650966,0,1.3050052002118306,-0.00716916421461991
15.62,1.6310285364413215,-0.6500233922359533,-0.17183771796301617,1.4846802685561498,-0.6500233922359535,0,1.4846802685561507,-0.6500233922359533,-0.17183771796301617,1.4846802685561498,-0.6500233922359535,0,1.4846802685561507,-0.00815586757410081
15.64,1.8298340643153268,-0.729256879126398,-0.19279295174843059,1.66564556426522,-0.7292568791263947,0,1.665645564265228,-0.729256879126398,-0.19279295174843059,1.66564556426522,-0.7292568791263947,0,1.665645564265228,-0.009149651159997862
15.66,2.0300570486552716,-0.8090553273223213,-0.2138977603256791,1.8479010873390607,-0.8090553273223251,0,1.8479010873390695,-0.8090553273223213,-0.2138977603256791,1.8479010873390607,-0.8090553273223251,0,1.8479010873390695,-0.010150514972311162
15.68,2.231697489446421,-0.8894187368237134,-0.235152143694779,2.0314468377776658,-0.8894187368237172,0,2.031446837777665,-0.8894187368237134,-0.235152143694779,2.0314468377776658,-0.8894187368237172,0,2.031446837777665,-0.011158459011040706
15.7,2.432487334753858,-0.969441472986873,-0.2563099478491395,2.214219653067989,-0.9694414729868734,0,2.2142196530679854,-0.969441472986873,-0.2563099478491395,2.214219653067989,-0.9694414729868734,0,2.2142196530679854,-0.012162386453218864
15.72,2.6329410627125456,-1.0493289672831758,-0.27742700963213807,2.3966875348636254,-1.0493289672831763,0,2.3966875348636307,-1.0493289672831758,-0.27742700963213807,2.3966875348636254,-1.0493289672831763,0,2.3966875348636307,-0.01316481446919243
15.74,2.8344836307023495,-1.1296502061438396,-0.29865798113299746,2.5801467139165393,-1.1296502061438396,0,2.5801467139165375,-1.1296502061438396,-0.29865798113299746,2.5801467139165393,-1.1296502061438396,0,2.5801467139165375,-0.014172714901018743
15.76,3.037115038727131,-1.2104051895688719,-0.3200028623516813,2.7645971902267217,-1.2104051895688652,0,2.764597190226727,-1.2104051895688719,-0.3200028623516813,2.7645971902267217,-1.2104051895688652,0,2.764597190226727,-0.015186087748697806
15.78,3.240835286790703,-1.2915939175582092,-0.34146165328828904,2.9500389637941478,-1.2915939175582096,0,2.95003896379416,-1.2915939175582092,-0.34146165328828904,2.9500389637941478,-1.2915939175582096,0,2.95003896379416,-0.016204933012229705
15.8,3.4456443748969043,-1.3732163901118715,-0.3630343539427461,3.136472034618839,-1.373216390111872,0,3.1364720346188513,-1.3732163901118715,-0.3630343539427461,3.136472034618839,-1.373216390111872,0,3.1364720346188513,-0.01722925069161426
15.82,3.6515423030495278,-1.455272607229865,-0.38472096431508884,3.3238964027007913,-1.4552726072298654,0,3.323896402700779,-1.455272607229865,-0.38472096431508884,3.3238964027007913,-1.4552726072298654,0,3.323896402700779,-0.018259040786851564
15.84,3.8585290712523133,-1.5377625689121923,-0.4065214844053191,3.5123120680399857,-1.5377625689121928,0,3.5123120680399893,-1.5377625689121923,-0.4065214844053191,3.5123120680399857,-1.5377625689121928,0,3.5123120680399893,-0.01929430329794161
15.86,4.066604679509023,-1.6206862751588678,-0.42843591421340044,3.7017190306364665,-1.6206862751588682,0,3.701719030636472,-1.6206862751588678,-0.42843591421340044,3.7017190306364665,-1.6206862751588682,0,3.701719030636472,-0.020335038224884503
15.88,4.275769127823278,-1.7040437259698469,-0.4504642537393462,3.89211729049018,-1.7040437259698473,0,3.8921172904901944,-1.7040437259698469,-0.4504642537393462,3.89211729049018,-1.7040437259698473,0,3.8921172904901944,-0.02138124556768005
15.9,4.485577067036571,-1.7876575459298212,-0.4725600414223763,4.083101369674617,-1.7876575459298145,0,4.083101369674619,-1.7876575459298212,-0.4725600414223763,4.083101369674617,-1.7876575459298145,0,4.083101369674619,-0.02243068260740593
15.92,4.691365574344591,-1.8696705678139534,-0.49423681250832807,4.270425807712558,-1.8696705678139542,0,4.27042580771257,-1.8696705678139534,-0.49423681250832807,4.270425807712558,-1.8696705678139542,0,4.27042580771257,-0.023459867487409896
15.94,4.89729292894819,-1.9517389674160794,-0.5159283842322413,4.457876601245598,-1.9517389674160803,0,4.457876601245609,-1.9517389674160794,-0.5159283842322413,4.457876601245598,-1.9517389674160803,0,4.457876601245609,-0.024489740746627967
15.96,5.1033591308465684,-2.033862744736182,-0.537634756594148,4.645453750273788,-2.033862744736183,0,4.645453750273795,-2.033862744736182,-0.537634756594148,4.645453750273788,-2.033862744736183,0,4.645453750273795,-0.02552030238506025
15.98,5.309564180039002,-2.1160418997743156,-0.5593559295938952,4.833157254797083,-2.1160418997743164,0,4.8331572547970865,-2.1160418997743156,-0.5593559295938952,4.833157254797083,-2.1160418997743164,0,4.8331572547970865,-0.02655155240270656
16.0,5.515908076524957,-2.1982764325303963,-0.5810919032316875,5.020987114815515,-2.198276432530397,0,5.020987114815533,-2.1982764325303963,-0.5810919032316875,5.020987114815515,-2.198276432530397,0,5.020987114815533,-0.027583490799566995
16.02,5.72239082030401,-2.280566343004577,-0.6028426775073967,5.20894333032907,-2.2805663430045637,0,5.20894333032907,-2.280566343004577,-0.6028426775073967,5.20894333032907,-2.2805663430045637,0,5.20894333032907,-0.028616117575641545
16.04,5.929012411375698,-2.3629116311966767,-0.6246082524209928,5.397025901337724,-2.3629116311966776,0,5.397025901337734,-2.3629116311966767,-0.6246082524209928,5.397025901337724,-2.3629116311966776,0,5.397025901337734,-0.02964943273093021
16.06,6.135772849739848,-2.4453122971068213,-0.6463886279725806,5.585234827841536,-2.445312297106822,0,5.585234827841539,-2.4453122971068213,-0.6463886279725806,5.585234827841536,-2.445312297106822,0,5.585234827841539,-0.030683436265432996
16.08,6.342672135396192,-2.527768340734947,-0.6681838041621369,5.773570109840502,-2.527768340734948,0,5.773570109840513,-2.527768340734947,-0.6681838041621369,5.773570109840502,-2.527768340734948,0,5.773570109840513,-0.03171812817915008
16.1,6.54971026834451,-2.610279762081098,-0.6899937809895693,5.962031747334574,-2.610279762081099,0,5.962031747334592,-2.610279762081098,-0.6899937809895693,5.962031747334574,-2.610279762081099,0,5.962031747334592,-0.032753508472081104
16.12,6.7528363197412355,-2.691235589502191,-0.7114055682370086,6.146929571158449,-2.6912355895021918,0,6.146929571158459,-2.691235589502191,-0.7114055682370086,6.146929571158449,-2.6912355895021918,0,6.146929571158459,-0.03376883479828223
16.14,6.952977468646212,-2.771004416487515,-0.7325131837674697,6.329108288988895,-2.771004416487516,0,6.329108288988905,-2.771004416487515,-0.7325131837674697,6.329108288988895,-2.771004416487516,0,6.329108288988905,-0.0347688724359095
16.16,7.1531186176629316,-2.8507732434728137,-0.7536207992979218,6.511287006819334,-2.8507732434728155,0,6.511287006819337,-2.8507732434728137,-0.7536207992979218,6.511287006819334,-2.8507732434728155,0,6.511287006819337,-0.03576891007353678
16.18,7.353259766782283,-2.930542070458084,-0.7747284148283793,6.69346572464978,-2.9305420704580847,0,6.693465724649769,-2.930542070458084,-0.7747284148283793,6.69346572464978,-2.9305420704580847,0,6.693465724649769,-0.03676894771116405
16.2,7.553400915996096,-3.0103108974433628,-0.795836030358938,6.875644442480191,-3.0103108974433503,0,6.8756444424802226,-3.0103108974433628,-0.795836030358938,6.875644442480191,-3.0103108974433503,0,6.8756444424802226,-0.03776898534879133
16.22,7.75354206529709,-3.090079724428646,-0.8169436458893813,7.057823160310633,-3.090079724428648,0,7.0578231603106545,-3.090079724428646,-0.8169436458893813,7.057823160310633,-3.090079724428648,0,7.0578231603106545,-0.038769022986418586
16.24,7.952605505845334,-3.169418693473352,-0.8379363159020414,7.239021145992833,-3.1694186934733537,0,7.239021145992865,-3.169418693473352,-0.8379363159020414,7.239021145992833,-3.1694186934733537,0,7.239021145992865,-0.03976372096021373
16.26,8.14203994250241,-3.244917011248586,-0.857901982323412,7.411456585227629,-3.244917011248573,0,7.411456585227647,-3.244917011248586,-0.857901982323412,7.411456585227629,-3.244917011248573,0,7.411456585227647,-0.04071071064543141
16.28,8.331474379165378,-3.3204153290238354,-0.8778676487446582,7.583892024462418,-3.320415329023822,0,7.583892024462429,-3.3204153290238354,-0.8778676487446582,7.583892024462418,-3.320415329023822,0,7.583892024462429,-0.04165770033064909
16.3,8.520908815833867,-3.395913646799115,-0.897833315165979,7.756327463697193,-3.3959136467991016,0,7.756327463697232,-3.395913646799115,-0.897833315165979,7.756327463697193,-3.3959136467991016,0,7.756327463697232,-0.042604690015866774
16.32,8.710343252507492,-3.471411964574335,-0.91779898158725,7.9287629029319895,-3.471411964574351,0,7.928762902932014,-3.471411964574335,-0.91779898158725,7.9287629029319895,-3.471411964574351,0,7.928762902932014,-0.04355167970108445
16.34,8.89977768918601,-3.546910282349655,-0.9377646480085744,8.10119834216681,-3.546910282349657,0,8.101198342166825,-3.546910282349655,-0.9377646480085744,8.10119834216681,-3.546910282349657,0,8.101198342166825,-0.04449866938630214
16.36,9.08921212586893,-3.622408600124875,-0.9577303144299094,8.273633781401536,-3.622408600124876,0,8.273633781401578,-3.622408600124875,-0.9577303144299094,8.273633781401536,-3.622408600124876,0,8.273633781401578,-0.045445659071519824
16.38,9.269920979874197,-3.6944255189151445,-0.9767609648662621,8.438129658771572,-3.6944255189151463,0,8.4381296587716,-3.6944255189151445,-0.9767609648662621,8.438129658771572,-3.6944255189151463,0,8.4381296587716,-0.04634956932009196
16.4,9.445460543175148,-3.7643799549745314,-0.995237684446078,8.597921907138655,-3.764379954974519,0,8.597921907138655,-3.7643799549745314,-0.995237684446078,8.597921907138655,-3.764379954974519,0,8.597921907138655,-0.047227958048574575
16.42,9.621000106538052,-3.834334391033913,-1.0137144040259756,8.75771415550572,-3.8343343910339147,0,8.757714155505731,-3.834334391033913,-1.0137144040259756,8.75771415550572,-3.8343343910339147,0,8.757714155505731,-0.04810634677705735
16.44,9.796539669959616,-3.904288827093284,-1.032191123605724,8.917506403872835,-3.9042888270932856,0,8.917506403872864,-3.904288827093284,-1.032191123605724,8.917506403872835,-3.9042888270932856,0,8.917506403872864,-0.04898473550553997
16.46,9.972079233436698,-3.974243263152628,-1.0506678431856287,9.077298652239918,-3.97424326315263,0,9.077298652239904,-3.974243263152628,-1.0506678431856287,9.077298652239918,-3.97424326315263,0,9.077298652239904,-0.049863124234022574
16.48,10.147618796966409,-4.044197699212029,-1.06914456276548,9.237090900606958,-4.044197699212031,0,9.237090900606987,-4.044197699212029,-1.06914456276548,9.237090900606958,-4.044197699212031,0,9.237090900606987,-0.050741512962505196
16.5,10.322038366082587,-4.113706120767622,-1.0875046537634034,9.395863379329008,-4.113706120767624,0,9.395863379329043,-4.113706120767622,-1.0875046537634034,9.395863379329008,-4.113706120767624,0,9.395863379329043,-0.05161425309345438
16.52,10.489108271273263,-4.180287691498362,-1.1050994009028479,9.547943892650522,-4.180287691498336,0,9.547943892650522,-4.180287691498362,-1.1050994009028479,9.547943892650522,-4.180287691498336,0,9.547943892650522,-0.052449925814680456
16.54,10.654001797443993,-4.246002564543193,-1.122467514779796,9.698042784333886,-4.246002564543193,0,9.698042784333921,-4.246002564543193,-1.122467514779796,9.698042784333886,-4.246002564543193,0,9.698042784333921,-0.053274622152022416
16.56,10.816718944589415,-4.310850739902252,-1.1396089953945001,9.846160054379176,-4.3108507399022535,0,9.846160054379197,-4.310850739902252,-1.1396089953945001,9.846160054379176,-4.3108507399022535,0,9.846160054379197,-0.05408834210548026
16.58,10.977259712707255,-4.374832217575422,-1.1565238427465765,9.99229570278635,-4.3748322175753955,0,9.99229570278635,-4.374832217575422,-1.1565238427465765,9.99229570278635,-4.3748322175753955,0,9.99229570278635,-0.05489108567505413
16.6,11.135624101798642,-4.437946997562811,-1.1732120568364373,10.136449729555487,-4.437946997562811,0,10.136449729555508,-4.437946997562811,-1.1732120568364373,10.136449729555487,-4.437946997562811,0,10.136449729555508,-0.05568285286074371
16.62,11.291812111867245,-4.500195079864371,-1.1896736376638692,10.278622134686422,-4.500195079864373,0,10.278622134686401,-4.500195079864371,-1.1896736376638692,10.278622134686422,-4.500195079864373,0,10.278622134686401,-0.056463643662549176
16.64,11.445823742919792,-4.561576464480078,-1.2059085852288227,10.418812918179334,-4.56157646448008,0,10.41881291817937,-4.561576464480078,-1.2059085852288227,10.418812918179334,-4.56157646448008,0,10.41881291817937,-0.05723345808047052
16.66,11.597658994965226,-4.622091151409931,-1.2219168995314398,10.557022080034038,-4.622091151409933,0,10.557022080034088,-4.622091151409931,-1.2219168995314398,10.557022080034038,-4.622091151409933,0,10.557022080034088,-0.05799229611450775
16.68,11.74731786801528,-4.681739140654047,-1.2376985805715854,10.693249620250747,-4.681739140654049,0,10.693249620250768,-4.681739140654047,-1.2376985805715854,10.693249620250747,-4.681739140654049,0,10.693249620250768,-0.05874015776466084
16.7,11.894800362083512,-4.740520432212309,-1.253253628349416,10.82749553882929,-4.7405204322123105,0,10.82749553882931,-4.740520432212309,-1.253253628349416,10.82749553882929,-4.7405204322123105,0,10.82749553882931,-0.059477043030929835
16.72,12.040106477185871,-4.798435026084688,-1.2685820428647894,10.959759835769766,-4.798435026084661,0,10.959759835769788,-4.798435026084688,-1.2685820428647894,10.959759835769766,-4.798435026084661,0,10.959759835769788,-0.060202951913314706
16.74,12.183236213340212,-4.855482922271195,-1.283683824117805,11.090042511072078,-4.855482922271197,0,11.090042511072099,-4.855482922271195,-1.283683824117805,11.090042511072078,-4.855482922271197,0,11.090042511072099,-0.060917884411815566
16.76,12.323493519084536,-4.9113856969479865,-1.2984815631764803,11.217710770881375,-4.91138569694796,0,11.21771077088141,-4.9113856969479865,-1.2984815631764803,11.217710770881375,-4.91138569694796,0,11.21771077088141,-0.06161850321638309
16.78,12.458649633172254,-4.965251835281039,-1.312727396155065,11.340738405297792,-4.965251835281041,0,11.340738405297813,-4.965251835281039,-1.312727396155065,11.340738405297792,-4.965251835281041,0,11.340738405297813,-0.0622941222392714
16.8,12.591125252158962,-5.0180496271405435,-1.326690532359688,11.461326116369243,-5.018049627140545,0,11.46132611636925,-5.0180496271405435,-1.326690532359688,11.461326116369243,-5.018049627140545,0,11.46132611636925,-0.06295634782747796
16.82,12.720920376043988,-5.069779072526332,-1.3403709717902288,11.579473904095671,-5.069779072526305,0,11.579473904095693,-5.069779072526332,-1.3403709717902288,11.579473904095671,-5.069779072526305,0,11.579473904095693,-0.06360517998100278
16.84,12.84803500482693,-5.12044017143865,-1.3537687144469288,11.695181768477035,-5.120440171438652,0,11.69518176847707,-5.12044017143865,-1.3537687144469288,11.695181768477035,-5.120440171438652,0,11.69518176847707,-0.06424061869984589
16.86,12.972469138507382,-5.170032923877168,-1.3668837603297455,11.808449709513503,-5.170032923877141,0,11.808449709513539,-5.170032923877168,-1.3668837603297455,11.808449709513503,-5.170032923877141,0,11.808449709513539,-0.06486266398400724
16.88,13.094222777084898,-5.218557329842222,-1.3797161094385118,11.919277727204907,-5.218557329842223,0,11.919277727204928,-5.218557329842222,-1.3797161094385118,11.919277727204907,-5.218557329842223,0,11.919277727204928,-0.06547131583348687
16.9,13.213295920559073,-5.266013389333553,-1.3922657617735474,12.02766582155126,-5.266013389333555,0,12.027665821551281,-5.266013389333553,-1.3922657617735474,12.02766582155126,-5.266013389333555,0,12.027665821551281,-0.06606657424828478
16.92,13.329688568929765,-5.312401102351457,-1.4045327173345186,12.133613992552661,-5.312401102351458,0,12.133613992552696,-5.312401102351457,-1.4045327173345186,12.133613992552661,-5.312401102351458,0,12.133613992552696,-0.06664843922840105
16.94,13.443400722196504,-5.357720468895577,-1.4165169761215566,12.237122240209054,-5.357720468895579,0,12.23712224020909,-5.357720468895577,-1.4165169761215566,12.237122240209054,-5.357720468895579,0,12.23712224020909,-0.06721691077383549
16.96,13.554432380359072,-5.401971488966009,-1.4282185381348533,12.338190564520396,-5.401971488966012,0,12.338190564520431,-5.401971488966009,-1.4282185381348533,12.338190564520396,-5.401971488966012,0,12.338190564520431,-0.0677719888845882
16.98,13.662783543417323,-5.445154162562913,-1.439637403373986,12.436818965486758,-5.445154162562915,0,12.43681896548678,-5.445154162562913,-1.439637403373986,12.436818965486758,-5.445154162562915,0,12.43681896548678,-0.06831367356065918
17.0,13.768454211371079,-5.4872684896862705,-1.4507735718393633,12.533007443108083,-5.487268489686244,0,12.533007443108104,-5.4872684896862705,-1.4507735718393633,12.533007443108083,-5.487268489686244,0,12.533007443108104,-0.0688419648020484
17.02,13.87144438422011,-5.528314470335909,-1.4616270435307221,12.626755997384429,-5.528314470335939,0,12.62675599738445,-5.528314470335909,-1.4616270435307221,12.626755997384429,-5.528314470335939,0,12.62675599738445,-0.06935686260875593
17.04,13.971754061964308,-5.568292104511942,-1.4721978184482438,12.718064628315737,-5.568292104511944,0,12.718064628315773,-5.568292104511942,-1.4721978184482438,12.718064628315737,-5.568292104511944,0,12.718064628315773,-0.06985836698078171
17.06,14.069383244603621,-5.607201392214424,-1.4824858965917898,12.806933335902059,-5.607201392214428,0,12.806933335902102,-5.607201392214424,-1.4824858965917898,12.806933335902059,-5.607201392214428,0,12.806933335902102,-0.07034647791812576
17.08,14.164331932137923,-5.645042333443245,-1.4924912779613067,12.8933621201434,-5.6450423334432465,0,12.893362120143408,-5.645042333443245,-1.4924912779613067,12.8933621201434,-5.6450423334432465,0,12.893362120143408,-0.07082119542078816
17.1,14.25660012456719,-5.6818149281985715,-1.5022139625569402,12.977350981039713,-5.681814928198573,0,12.97735098103972,-5.6818149281985715,-1.5022139625569402,12.977350981039713,-5.681814928198573,0,12.97735098103972,-0.07128251948876875
17.12,14.346187821891217,-5.717519176480037,-1.5116539503788289,13.058899918590946,-5.717519176480039,0,13.058899918590953,-5.717519176480037,-1.5116539503788289,13.058899918590946,-5.717519176480039,0,13.058899918590953,-0.0717304501220676
17.14,14.433095024110358,-5.75215507828821,-1.5208112414265358,13.13800893279732,-5.752155078288212,0,13.138008932797348,-5.75215507828821,-1.5208112414265358,13.13800893279732,-5.752155078288212,0,13.138008932797348,-0.07216498732068473
17.16,14.517321731224147,-5.7857226336224645,-1.5296858357005654,13.214678023658514,-5.785722633622466,0,13.214678023658564,-5.7857226336224645,-1.5296858357005654,13.214678023658514,-5.785722633622466,0,13.214678023658564,-0.0725861310846201
17.18,14.59886794323291,-5.81822184248308,-1.538277733200566,13.28890719117478,-5.818221842483084,0,13.288907191174786,-5.81822184248308,-1.538277733200566,13.28890719117478,-5.818221842483084,0,13.288907191174786,-0.07299388141387379
17.2,14.677733660136724,-5.849652704870293,-1.5465869339265126,13.360696435346043,-5.849652704870294,0,13.360696435346057,-5.849652704870293,-1.5465869339265126,13.360696435346043,-5.849652704870294,0,13.360696435346057,-0.0733882383084457
17.22,14.75391888193549,-5.880015220783813,-1.5546134378786824,13.430045756172227,-5.8800152207838146,0,13.430045756172206,-5.880015220783813,-1.5546134378786824,13.430045756172227,-5.8800152207838146,0,13.430045756172206,-0.07376920176833587
17.24,14.827423608629504,-5.909309390223717,-1.5623572450569796,13.496955153653523,-5.909309390223719,0,13.49695515365353,-5.909309390223717,-1.5623572450569796,13.496955153653523,-5.909309390223719,0,13.49695515365353,-0.0741367717935444
17.26,14.898247840218605,-5.9375352131899675,-1.569818355461237,13.561424627789698,-5.937535213189971,0,13.561424627789705,-5.9375352131899675,-1.569818355461237,13.561424627789698,-5.937535213189971,0,13.561424627789705,-0.07449094838407115
17.28,14.968456551617844,-5.965515679332482,-1.5772144189345738,13.625333850065338,-5.965515679332455,0,13.625333850065346,-5.965515679332482,-1.5772144189345738,13.625333850065338,-5.965515679332455,0,13.625333850065346,-0.07484205411300476
17.3,15.04071525709973,-5.99431312148751,-1.5848263826008662,13.691109141078051,-5.994313121487512,0,13.69110914107803,-5.99431312148751,-1.5848263826008662,13.691109141078051,-5.994313121487512,0,13.69110914107803,-0.07520341358090124
17.32,15.110787160929096,-6.022238977235249,-1.5922076851384261,13.754893899920944,-6.022238977235251,0,13.754893899920972,-6.022238977235249,-1.5922076851384261,13.754893899920944,-6.022238977235251,0,13.754893899920972,-0.07555384753113742
17.34,15.178672263106083,-6.049293246575646,-1.599358326547602,13.816688126593988,-6.049293246575619,0,13.816688126594002,-6.049293246575646,-1.599358326547602,13.816688126593988,-6.049293246575619,0,13.816688126594002,-0.07589335596371333
17.36,15.244370563630808,-6.075475929508633,-1.6062783068282371,13.876491821097169,-6.075475929508606,0,13.876491821097176,-6.075475929508633,-1.6062783068282371,13.876491821097169,-6.075475929508606,0,13.876491821097176,-0.07622193887862892
17.38,15.30788206250345,-6.100787026034283,-1.6129676259801329,13.934304983430486,-6.100787026034286,0,13.934304983430508,-6.100787026034283,-1.6129676259801329,13.934304983430486,-6.100787026034286,0,13.934304983430508,-0.07653959627588423
17.4,15.369206759724424,-6.125226536152772,-1.6194262840034384,13.990127613594076,-6.125226536152773,0,13.990127613594083,-6.125226536152772,-1.6194262840034384,13.990127613594076,-6.125226536152773,0,13.990127613594083,-0.07684632815547933
17.42,15.428344655293714,-6.148794459863957,-1.625654280898182,14.04395971158776,-6.148794459863932,0,14.043959711587831,-6.148794459863957,-1.625654280898182,14.04395971158776,-6.148794459863932,0,14.043959711587831,-0.07714213451741408
17.44,15.485295749211602,-6.171490797167708,-1.631651616664449,14.095801277411631,-6.17149079716771,0,14.095801277411681,-6.171490797167708,-1.631651616664449,14.095801277411631,-6.17149079716771,0,14.095801277411681,-0.07742701536168854
17.46,15.540060041478306,-6.193315548064284,-1.63741829130214,14.145652311065568,-6.193315548064287,0,14.14565231106559,-6.193315548064284,-1.63741829130214,14.145652311065568,-6.193315548064287,0,14.14565231106559,-0.07770097068830274
17.48,15.592637532094255,-6.214268712553601,-1.642954304811127,14.193512812549805,-6.214268712553604,0,14.193512812549798,-6.214268712553601,-1.642954304811127,14.193512812549805,-6.214268712553604,0,14.193512812549798,-0.07796400049725663
17.5,15.64302822105947,-6.234350290635437,-1.6482596571914812,14.239382781864158,-6.23435029063544,0,14.239382781864194,-6.234350290635437,-1.6482596571914812,14.239382781864158,-6.23435029063544,0,14.239382781864194,-0.07821610478855023
17.52,15.69123210837439,-6.253560282310062,-1.653334348443579,14.283262219008627,-6.253560282310065,0,14.283262219008677,-6.253560282310062,-1.653334348443579,14.283262219008627,-6.253560282310065,0,14.283262219008677,-0.07845728356218355
17.54,15.737249194039222,-6.271898687577316,-1.6581783785667241,14.325151123983254,-6.27189868757732,0,14.325151123983261,-6.271898687577316,-1.6581783785667241,14.325151123983254,-6.27189868757732,0,14.325151123983261,-0.07868753681815659
17.56,15.781079478054409,-6.2893655064372265,-1.6627917475614922,14.365049496788096,-6.2893655064372,0,14.365049496788146,-6.2893655064372265,-1.6627917475614922,14.365049496788096,-6.2893655064372,0,14.365049496788146,-0.07890686455646936
17.58,15.822722960420332,-6.305960738890002,-1.6671744554275563,14.402957337423146,-6.305960738890004,0,14.402957337423203,-6.305960738890002,-1.6671744554275563,14.402957337423146,-6.305960738890004,0,14.402957337423203,-0.07911526677712187
17.6,15.862179641137114,-6.321684384935363,-1.671326502165158,14.438874645888255,-6.3216843849353666,0,14.438874645888262,-6.321684384935363,-1.671326502165158,14.438874645888255,-6.3216843849353666,0,14.438874645888262,-0.07931274348011405
17.62,15.899449520205334,-6.336536444573435,-1.675247887774269,14.472801422183586,-6.336536444573408,0,14.472801422183593,-6.336536444573435,-1.675247887774269,14.472801422183586,-6.336536444573408,0,14.472801422183593,-0.07949929466544596
17.64,15.934532597625125,-6.350516917804015,-1.6789386122545835,14.50473766630899,-6.350516917804018,0,14.504737666309055,-6.350516917804015,-1.6789386122545835,14.50473766630899,-6.350516917804018,0,14.504737666309055,-0.07967492033311756
17.66,15.96742887339731,-6.363625804627569,-1.682398675606514,14.534683378264681,-6.363625804627542,0,14.534683378264702,-6.363625804627569,-1.682398675606514,14.534683378264681,-6.363625804627542,0,14.534683378264702,-0.0798396204831289
17.68,15.998138347521966,-6.375863105043692,-1.6856280778295982,14.562638558050509,-6.375863105043695,0,14.562638558050523,-6.375863105043692,-1.6856280778295982,14.562638558050509,-6.375863105043695,0,14.562638558050523,-0.07999339511547993
17.7,16.033684661634172,-6.390028993230862,-1.6893707476163442,14.594995849941718,-6.390028993230864,0,14.594995849941824,-6.390028993230862,-1.6893707476163442,14.594995849941718,-6.390028993230864,0,14.594995849941824,-0.08017122544590115
17.72,16.06876064507143,-6.404007614905263,-1.6930645611092388,14.626924874500183,-6.404007614905236,0,14.626924874500219,-6.404007614905263,-1.6930645611092388,14.626924874500183,-6.404007614905236,0,14.626924874500219,-0.08034667913467285
17.74,16.102403498320598,-6.4174151227018665,-1.6966075406989773,14.657549329215847,-6.417415122701868,0,14.657549329215911,-6.4174151227018665,-1.6966075406989773,14.657549329215847,-6.417415122701868,0,14.657549329215911,-0.08051496096313052
17.76,16.134613221381603,-6.430251516620679,-1.699999686385965,14.686869214088695,-6.430251516620682,0,14.686869214088759,-6.430251516620679,-1.699999686385965,14.686869214088695,-6.430251516620682,0,14.686869214088759,-0.0806760709312741
17.78,16.16538981425438,-6.442516796661623,-1.7032409981697896,14.714884529118805,-6.442516796661625,0,14.714884529118834,-6.442516796661623,-1.7032409981697896,14.714884529118805,-6.442516796661625,0,14.714884529118834,-0.08083000903910362
17.8,16.194733276938855,-6.454210962824819,-1.7063314760506572,14.741595274306114,-6.4542109628248205,0,14.741595274306093,-6.454210962824819,-1.7063314760506572,14.741595274306114,-6.4542109628248205,0,14.741595274306093,-0.08097677528661908
17.82,16.222643609434954,-6.465334015110093,-1.7092711200285677,14.767001449650657,-6.465334015110095,0,14.767001449650706,-6.465334015110093,-1.7092711200285677,14.767001449650657,-6.465334015110095,0,14.767001449650706,-0.08111636967382042
17.84,16.249120811742586,-6.475885953517581,-1.7120599301035568,14.791103055152355,-6.475885953517555,0,14.791103055152405,-6.475885953517581,-1.7120599301035568,14.791103055152355,-6.475885953517555,0,14.791103055152405,-0.08124879220070776
17.86,16.274164883861957,-6.4858667780474395,-1.7146979062754752,14.813900090811423,-6.485866778047441,0,14.813900090811472,-6.4858667780474395,-1.7146979062754752,14.813900090811423,-6.485866778047441,0,14.813900090811472,-0.08137404286728102
17.88,16.297775825792655,-6.495276488699311,-1.7171850485443017,14.835392556627603,-6.495276488699343,0,14.835392556627653,-6.495276488699311,-1.7171850485443017,14.835392556627603,-6.495276488699343,0,14.835392556627653,-0.0814921216735402
17.9,16.319953637534844,-6.504115085473293,-1.719521356910299,14.855580452601032,-6.504115085473266,0,14.855580452601032,-6.504115085473293,-1.719521356910299,14.855580452601032,-6.504115085473266,0,14.855580452601032,-0.08160302861948535
17.92,16.340698319088517,-6.512382568369608,-1.7217068313733108,14.874463778731652,-6.51238256836961,0,14.87446377873168,-6.512382568369608,-1.7217068313733108,14.874463778731652,-6.51238256836961,0,14.87446377873168,-0.08170676370511641
17.94,16.360009870453688,-6.520078937388082,-1.7237414719332804,14.892042535019563,-6.520078937388085,0,14.892042535019627,-6.520078937388082,-1.7237414719332804,14.892042535019563,-6.520078937388085,0,14.892042535019627,-0.08180332693043339
17.96,16.377888291630157,-6.527204192528634,-1.7256252785902149,14.908316721464594,-6.527204192528636,0,14.908316721464615,-6.527204192528634,-1.7256252785902149,14.908316721464594,-6.527204192528636,0,14.908316721464615,-0.08189271829543633
17.98,16.394333582618273,-6.533758333791605,-1.7273582513441212,14.923286338066973,-6.5337583337916065,0,14.923286338067001,-6.533758333791605,-1.7273582513441212,14.923286338066973,-6.5337583337916065,0,14.923286338067001,-0.0819749378001252
18.0,16.409345743417703,-6.539741361176535,-1.7289403901951275,14.9369513848265,-6.539741361176539,0,14.936951384826486,-6.539741361176535,-1.7289403901951275,14.9369513848265,-6.539741361176539,0,14.936951384826486,-0.0820499854445
18.02,16.4229247740286,-6.545153274683724,-1.7303716951431412,14.949311861743226,-6.545153274683727,0,14.949311861743269,-6.545153274683724,-1.7303716951431412,14.949311861743226,-6.545153274683727,0,14.949311861743269,-0.08211786122856074
18.04,16.435070674451005,-6.549994074313064,-1.7316521661883044,14.960367768817157,-6.549994074313037,0,14.960367768817221,-6.549994074313064,-1.7316521661883044,14.960367768817157,-6.549994074313037,0,14.960367768817221,-0.0821785651523074
18.06,16.445783444684942,-6.5542637600645985,-1.7327818033302194,14.970119106048344,-6.5542637600646,0,14.970119106048429,-6.5542637600645985,-1.7327818033302194,14.970119106048344,-6.5542637600646,0,14.970119106048429,-0.08223209721574001
18.08,16.455063084730646,-6.5579623319385,-1.7337606065694047,14.978565873436857,-6.557962331938473,0,14.978565873436878,-6.5579623319385,-1.7337606065694047,14.978565873436857,-6.557962331938473,0,14.978565873436878,-0.08227845741885854
18.1,16.46563565681246,-6.562176661813435,-1.7348775423211578,14.988189185188155,-6.562176661813439,0,14.988189185188176,-6.562176661813435,-1.7348775423211578,14.988189185188155,-6.562176661813439,0,14.988189185188176,-0.08233121583941821
18.12,16.478833112508006,-6.567437794322084,-1.7362737993184254,15.000201311493676,-6.567437794322085,0,15.000201311493726,-6.567437794322084,-1.7362737993184254,15.000201311493676,-6.567437794322085,0,15.000201311493726,-0.08239700280532467
18.14,16.491205776949027,-6.572370355646688,-1.7375837071921296,15.011462545105836,-6.572370355646662,0,15.011462545105857,-6.572370355646688,-1.7375837071921296,15.011462545105836,-6.572370355646662,0,15.011462545105857,-0.08245864616409156
18.16,16.502753650136846,-6.576974345787928,-1.7388072659417446,15.021972886024791,-6.5769743457879315,0,15.021972886024813,-6.576974345787928,-1.7388072659417446,15.021972886024791,-6.5769743457879315,0,15.021972886024813,-0.0825161459157189
18.18,16.513476732072164,-6.58124976474522,-1.7399444755675688,15.031732334250343,-6.581249764745223,0,15.031732334250364,-6.58124976474522,-1.7399444755675688,15.031732334250343,-6.581249764745223,0,15.031732334250364,-0.08256950206020668
18.2,16.52337502275641,-6.585196612518965,-1.7409953360692398,15.040740889782661,-6.5851966125189385,0,15.040740889782668,-6.585196612518965,-1.7409953360692398,15.040740889782661,-6.5851966125189385,0,15.040740889782668,-0.0826187145975549
18.22,16.53244852219068,-6.588814889108969,-1.7419598474469424,15.048998552621661,-6.588814889108971,0,15.048998552621711,-6.588814889108969,-1.7419598474469424,15.048998552621661,-6.588814889108971,0,15.048998552621711,-0.08266378352776355
18.24,16.540697230376267,-6.592104594515183,-1.7428380097007405,15.056505322767308,-6.592104594515185,0,15.056505322767336,-6.592104594515183,-1.7428380097007405,15.056505322767308,-6.592104594515185,0,15.056505322767336,-0.08270470885083266
18.26,16.54812114731482,-6.595065728737827,-1.7436298228304636,15.063261200219777,-6.595065728737829,0,15.063261200219799,-6.595065728737827,-1.7436298228304636,15.063261200219777,-6.595065728737829,0,15.063261200219799,-0.0827414905667622
18.28,16.554720273007643,-6.597698291776727,-1.7443352868365238,15.069266184978893,-6.59769829177673,0,15.069266184978943,-6.597698291776727,-1.7443352868365238,15.069266184978893,-6.59769829177673,0,15.069266184978943,-0.08277412867555217
18.3,16.560494607456306,-6.600002283631982,-1.74495440171831,15.074520277044648,-6.600002283631984,0,15.074520277044726,-6.600002283631982,-1.74495440171831,15.074520277044648,-6.600002283631984,0,15.074520277044726,-0.08280262317720259
18.32,16.565444150662607,-6.601977704303433,-1.7454871674763268,15.079023476417184,-6.601977704303437,0,15.079023476417262,-6.601977704303433,-1.7454871674763268,15.079023476417184,-6.601977704303437,0,15.079023476417262,-0.08282697407171342
18.34,16.569568902628177,-6.603624553791246,-1.7459335841102046,15.082775783096324,-6.603624553791249,0,15.082775783096409,-6.603624553791246,-1.7459335841102046,15.082775783096324,-6.603624553791249,0,15.082775783096409,-0.0828471813590847
18.36,16.57286886335521,-6.604942832095546,-1.746293651620249,15.08577719708235,-6.604942832095549,0,15.085777197082379,-6.604942832095546,-1.746293651620249,15.08577719708235,-6.604942832095549,0,15.085777197082379,-0.08286324503931644
18.38,16.575344032845116,-6.605932539215784,-1.746567370006396,15.088027718374896,-6.6059325392157575,0,15.088027718374903,-6.605932539215784,-1.746567370006396,15.088027718374896,-6.6059325392157575,0,15.088027718374903,-0.0828751651124086
18.4,16.57699441110048,-6.606593675152665,-1.7467547392685105,15.089527346974279,-6.606593675152666,0,15.089527346974307,-6.606593675152665,-1.7467547392685105,15.089527346974279,-6.606593675152666,0,15.089527346974307,-0.08288294157836121
18.42,16.577819998123054,-6.606926239905777,-1.746855759406536,15.090276082880273,-6.606926239905778,0,15.09027608288035,-6.606926239905777,-1.746855759406536,15.090276082880273,-6.606926239905778,0,15.09027608288035,-0.08288657443717426
18.44,16.5778207939151,-6.606930233475023,-1.7468704304206497,15.09027392609292,-6.606930233475026,0,15.090273926092934,-6.606930233475023,-1.7468704304206497,15.09027392609292,-6.606930233475026,0,15.090273926092934,-0.08288606368884774
18.46,16.576996798479303,-6.606605655860802,-1.7467987523108093,15.08952087661244,-6.606605655860804,0,15.089520876612497,-6.606605655860802,-1.7467987523108093,15.08952087661244,-6.606605655860804,0,15.089520876612497,-0.08288140933338166
18.48,16.57534801181764,-6.605952507062716,-1.7466407250770999,15.08801693443852,-6.605952507062717,0,15.08801693443857,-6.605952507062716,-1.7466407250770999,15.08801693443852,-6.605952507062717,0,15.08801693443857,-0.08287261137077602
18.5,16.57287443393292,-6.604970787081058,-1.7463963487193084,15.08576209957139,-6.6049707870810614,0,15.085762099571454,-6.604970787081058,-1.7463963487193084,15.08576209957139,-6.6049707870810614,0,15.085762099571454,-0.08285966980103082
18.52,16.573926472022272,-6.605390316296177,-1.7465081915437182,15.0867195418327,-6.60539031629618,0,15.086719541832721,-6.605390316296177,-1.7465081915437182,15.0867195418327,-6.60539031629618,0,15.086719541832721,-0.08286489489099372
18.54,16.574631729384997,-6.605671342130524,-1.7465823134062148,15.08736155336468,-6.6056713421305275,0,15.087361553364758,-6.605671342130524,-1.7465823134062148,15.08736155336468,-6.6056713421305275,0,15.087361553364758,-0.08286842776324863
18.56,16.574924637820114,-6.605787793183124,-1.7466120440327302,15.087628402307054,-6.605787793183097,0,15.087628402307061,-6.605787793183124,-1.7466120440327302,15.087628402307054,-6.605787793183097,0,15.087628402307061,-0.08286993216328255
18.58,16.57480519732809,-6.605739669453948,-1.746597383423385,15.08752008866,-6.60573966945395,0,15.087520088660042,-6.605739669453948,-1.746597383423385,15.08752008866,-6.60573966945395,0,15.087520088660042,-0.08286940809109546
18.6,16.574273407909345,-6.6055269709430195,-1.7465383315779803,15.087036612423397,-6.605526970943021,0,15.087036612423404,-6.6055269709430195,-1.7465383315779803,15.087036612423397,-6.605526970943021,0,15.087036612423404,-0.08286685554668737
18.62,16.57332926956484,-6.6051496976504875,-1.7464348884966938,15.086177973597323,-6.605149697650489,0,15.086177973597316,-6.6051496976504875,-1.7464348884966938,15.086177973597323,-6.605149697650489,0,15.086177973597316,-0.08286227453005827
18.64,16.571972782295454,-6.604607849576148,-1.746287054179497,15.084944172181686,-6.604607849576123,0,15.084944172181707,-6.604607849576148,-1.746287054179497,15.084944172181686,-6.604607849576123,0,15.084944172181707,-0.08285566504120817
18.66,16.570203946102538,-6.603901426720032,-1.7460948286264184,15.083335208176514,-6.603901426720036,0,15.08333520817662,-6.603901426720032,-1.7460948286264184,15.083335208176514,-6.603901426720036,0,15.08333520817662,-0.08284702708013705
18.68,16.568022760987787,-6.603030429082224,-1.745858211837266,15.081351081581957,-6.603030429082228,0,15.081351081581985,-6.603030429082224,-1.745858211837266,15.081351081581957,-6.603030429082228,0,15.081351081581985,-0.08283636064684496
18.7,16.565429226952908,-6.601994856662754,-1.7455772038120898,15.078991792397872,-6.601994856662756,0,15.078991792397872,-6.601994856662754,-1.7455772038120898,15.078991792397872,-6.601994856662756,0,15.078991792397872,-0.08282366574133188
18.72,16.56242334399982,-6.6007947094614465,-1.7452518045512875,15.076257340624146,-6.60079470946145,0,15.076257340624196,-6.6007947094614465,-1.7452518045512875,15.076257340624146,-6.60079470946145,0,15.076257340624196,-0.08280894236359776
18.74,16.559005112130986,-6.599429987478354,-1.7448820140544399,15.073147726260963,-6.599429987478356,0,15.07314772626097,-6.599429987478354,-1.7448820140544399,15.073147726260963,-6.599429987478356,0,15.07314772626097,-0.08279219051364264
18.76,16.55517453134903,-6.597900690713715,-1.744467832321547,15.069662949308288,-6.597900690713718,0,15.06966294930831,-6.597900690713715,-1.744467832321547,15.069662949308288,-6.597900690713718,0,15.06966294930831,-0.08277341019146654
18.78,16.55093160165682,-6.5962068191673335,-1.7440092593528291,15.065803009766206,-6.596206819167307,0,15.065803009766228,-6.5962068191673335,-1.7440092593528291,15.065803009766206,-6.596206819167307,0,15.065803009766228,-0.08275260139706943
18.8,16.54627632305719,-6.59434837283912,-1.7435062951481441,15.061567907634547,-6.5943483728391215,0,15.061567907634554,-6.59434837283912,-1.7435062951481441,15.061567907634547,-6.5943483728391215,0,15.061567907634554,-0.0827297641304513
18.82,16.54120869555359,-6.592325351729265,-1.7429589397076626,15.05695764291331,-6.592325351729269,0,15.056957642913304,-6.592325351729265,-1.7429589397076626,15.05695764291331,-6.592325351729269,0,15.056957642913304,-0.08270489839161219
18.84,16.53572871914961,-6.5901377558375795,-1.7423671930310078,15.051972215602618,-6.590137755837581,0,15.051972215602646,-6.5901377558375795,-1.7423671930310078,15.051972215602618,-6.590137755837581,0,15.051972215602646,-0.08267800418055206
18.86,16.529836393849195,-6.587785585164282,-1.7417310551184215,15.046611625702461,-6.5877855851642835,0,15.04661162570251,-6.587785585164282,-1.7417310551184215,15.046611625702461,-6.5877855851642835,0,15.04661162570251,-0.08264908149727095
18.88,16.52353171965634,-6.585268839709213,-1.7410505259700315,15.040875873212762,-6.585268839709215,0,15.040875873212812,-6.585268839709213,-1.7410505259700315,15.040875873212762,-6.585268839709215,0,15.040875873212812,-0.08261813034176879
18.9,16.516814696575473,-6.582587519472396,-1.7403256055857241,15.034764958133572,-6.582587519472369,0,15.034764958133607,-6.582587519472396,-1.7403256055857241,15.034764958133572,-6.582587519472369,0,15.034764958133607,-0.08258515071404567
18.92,16.51042133665917,-6.580036101009567,-1.7396383910723046,15.028947951684685,-6.5800361010095685,0,15.028947951684714,-6.580036101009567,-1.7396383910723046,15.028947951684685,-6.5800361010095685,0,15.028947951684714,-0.0825536621091879
18.94,16.504396992560785,-6.577632729808007,-1.7389939412093653,15.023466081675693,-6.577632729808009,0,15.023466081675721,-6.577632729808007,-1.7389939412093653,15.023466081675693,-6.577632729808009,0,15.023466081675721,-0.08252388139659453
18.96,16.498167282307904,-6.575147597098077,-1.7383281876195653,15.017797206595098,-6.575147597098052,0,15.017797206595077,-6.575147597098077,-1.7383281876195653,15.017797206595098,-6.575147597098052,0,15.017797206595077,-0.08249306197107605
18.98,16.49174162086649,-6.572584469784253,-1.7376421804779625,15.011949885111846,-6.572584469784228,0,15.011949885111932,-6.572584469784253,-1.7376421804779625,15.011949885111846,-6.572584469784228,0,15.011949885111932,-0.08246124885354049
19.0,16.4851294232027,-6.56994711477099,-1.7369369699598707,15.005932675895217,-6.569947114770965,0,15.005932675895266,-6.56994711477099,-1.7369369699598707,15.005932675895217,-6.569947114770965,0,15.005932675895266,-0.08242848706489582
19.02,16.478340104282168,-6.5672392989628,-1.7362136062403692,14.999754137614069,-6.567239298962775,0,14.999754137614119,-6.5672392989628,-1.7362136062403692,14.999754137614069,-6.567239298962775,0,14.999754137614119,-0.08239482162605007
19.04,16.47138307907081,-6.564464789264223,-1.7354731394944025,14.993422828937724,-6.564464789264225,0,14.993422828937781,-6.564464789264223,-1.7354731394944025,14.993422828937724,-6.564464789264225,0,14.993422828937781,-0.08236029755791124
19.06,16.46426776253425,-6.56162735257975,-1.734716619897334,14.9869473085352,-6.561627352579752,0,14.986947308535179,-6.56162735257975,-1.734716619897334,14.9869473085352,-6.561627352579752,0,14.986947308535179,-0.08232495988138733
19.08,16.457003569638026,-6.55873075581391,-1.7339450976245274,14.980336135075504,-6.558730755813912,0,14.980336135075532,-6.55873075581391,-1.7339450976245274,14.980336135075504,-6.558730755813912,0,14.980336135075532,-0.08228885361738633
19.1,16.449599915347843,-6.555778765871423,-1.7331596228506854,14.973597867227802,-6.555778765871398,0,14.973597867227795,-6.555778765871423,-1.7331596228506854,14.973597867227802,-6.555778765871398,0,14.973597867227795,-0.08225202378681623
19.12,16.44206621462925,-6.5527751496564015,-1.7323612457512354,14.966741063661239,-6.552775149656405,0,14.966741063661289,-6.5527751496564015,-1.7323612457512354,14.966741063661239,-6.552775149656405,0,14.966741063661289,-0.08221451541058503
19.14,16.43441188244799,-6.549723674073567,-1.7315510165012427,14.9597742830449,-6.549723674073569,0,14.959774283044936,-6.549723674073567,-1.7315510165012427,14.9597742830449,-6.549723674073569,0,14.959774283044936,-0.08217637350960079
19.16,16.426646333769916,-6.546628106027496,-1.7307299852761275,14.952706084047861,-6.546628106027498,0,14.952706084047904,-6.546628106027496,-1.7307299852761275,14.952706084047861,-6.546628106027498,0,14.952706084047904,-0.08213764310477145
19.18,16.41877898356085,-6.543492212422569,-1.7298992022505075,14.945545025339165,-6.543492212422542,0,14.945545025339172,-6.543492212422569,-1.7298992022505075,14.945545025339165,-6.543492212422542,0,14.945545025339172,-0.08209836921700502
19.2,16.410819246787106,-6.540319760163346,-1.7290597175999594,14.938299665587977,-6.540319760163349,0,14.93829966558799,-6.540319760163346,-1.7290597175999594,14.938299665587977,-6.540319760163349,0,14.93829966558799,-0.08205859686720954
19.22,16.40277653841516,-6.537114516154444,-1.7282125814994629,14.930978563463363,-6.537114516154446,0,14.930978563463412,-6.537114516154444,-1.7282125814994629,14.930978563463363,-6.537114516154446,0,14.930978563463412,-0.08201837107629295
19.24,16.394660273411816,-6.533880247300205,-1.727358844124339,14.923590277634482,-6.533880247300207,0,14.923590277634531,-6.533880247300205,-1.727358844124339,14.923590277634482,-6.533880247300207,0,14.923590277634531,-0.08197773686516331
19.26,16.386479866744253,-6.530620720505235,-1.7264995556494966,14.916143366770399,-6.530620720505208,0,14.916143366770456,-6.530620720505235,-1.7264995556494966,14.916143366770399,-6.530620720505208,0,14.916143366770456,-0.0819367392547286
19.28,16.378244733380065,-6.527339702673986,-1.7256357662503063,14.908646389540124,-6.527339702673988,0,14.90864638954018,-6.527339702673986,-1.7256357662503063,14.908646389540124,-6.527339702673988,0,14.90864638954018,-0.08189542326589679
19.3,16.36996428828753,-6.524040960711073,-1.7247685261016557,14.901107904612843,-6.524040960711076,0,14.9011079046129,-6.524040960711073,-1.7247685261016557,14.901107904612843,-6.524040960711076,0,14.9011079046129,-0.08185383391957592
19.32,16.361620607926696,-6.5207171869285006,-1.7238952974017465,14.89351172535816,-6.520717186928504,0,14.89351172535821,-6.5207171869285006,-1.7238952974017465,14.89351172535816,-6.520717186928504,0,14.89351172535821,-0.08181190460554195
19.34,16.35296534587405,-6.517267731331257,-1.7229833010447066,14.88563309915407,-6.517267731331259,0,14.885633099154091,-6.517267731331257,-1.7229833010447066,14.88563309915407,-6.517267731331259,0,14.885633099154091,-0.08176862782951205
19.36,16.344248656574166,-6.51379388229563,-1.7220651824862543,14.877698488673367,-6.513793882295634,0,14.877698488673431,-6.51379388229563,-1.7220651824862543,14.877698488673367,-6.513793882295634,0,14.877698488673431,-0.08172503162214424
19.38,16.335477895504702,-6.51029857244483,-1.7211417216090297,14.869714588449966,-6.510298572444803,0,14.869714588449995,-6.51029857244483,-1.7211417216090297,14.869714588449966,-6.510298572444803,0,14.869714588449995,-0.08168115259484965
19.4,16.326660418143412,-6.506784734402379,-1.7202136982949838,14.861688093017776,-6.50678473440238,0,14.86168809301779,-6.506784734402379,-1.7202136982949838,14.861688093017776,-6.50678473440238,0,14.86168809301779,-0.08163702735903935
19.42,16.31780357996796,-6.503255300791354,-1.7192818924267783,14.853625696910676,-6.503255300791356,0,14.853625696910655,-6.503255300791354,-1.7192818924267783,14.853625696910676,-6.503255300791356,0,14.853625696910655,-0.08159269252612449
19.44,16.30891473645627,-6.499713204235272,-1.718347083886556,14.84553409466266,-6.4997132042352455,0,14.84553409466271,-6.499713204235272,-1.718347083886556,14.84553409466266,-6.4997132042352455,0,14.84553409466271,-0.0815481847075161
19.46,16.30000124308611,-6.496161377357366,-1.7174100525570353,14.837419980807574,-6.496161377357367,0,14.837419980807624,-6.496161377357366,-1.7174100525570353,14.837419980807574,-6.496161377357367,0,14.837419980807624,-0.08150354051462533
19.48,16.29107045533572,-6.49260275278135,-1.7164715783203306,14.829290049879553,-6.492602752781352,0,14.829290049879603,-6.49260275278135,-1.7164715783203306,14.829290049879553,-6.492602752781352,0,14.829290049879603,-0.08145879655886323
19.5,16.282129728682897,-6.489040263130352,-1.715532441059139,14.821150996412435,-6.489040263130356,0,14.821150996412484,-6.489040263130352,-1.715532441059139,14.821150996412435,-6.489040263130356,0,14.821150996412484,-0.08141398945164095
19.52,16.27318641860539,-6.485476841027488,-1.7145934206557811,14.813009514939957,-6.4854768410274914,0,14.813009514939964,-6.485476841027488,-1.7145934206557811,14.813009514939957,-6.4854768410274914,0,14.813009514939964,-0.08136915580436954
19.54,16.264247880581607,-6.481915419096477,-1.7136552969923997,14.804872299996298,-6.481915419096481,0,14.804872299996276,-6.481915419096477,-1.7136552969923997,14.804872299996298,-6.481915419096481,0,14.804872299996276,-0.08132433222846006
19.56,16.255321470089363,-6.478358929960294,-1.7127188499518056,14.796746046115196,-6.478358929960326,0,14.796746046115217,-6.478358929960294,-1.7127188499518056,14.796746046115196,-6.478358929960326,0,14.796746046115217,-0.08127955533532372
19.58,16.246414542607162,-6.474810306242636,-1.711784859415971,14.78863744783083,-6.474810306242638,0,14.788637447830851,-6.474810306242636,-1.711784859415971,14.78863744783083,-6.474810306242638,0,14.788637447830851,-0.08123486173637152
19.6,16.237534453612973,-6.471272480566837,-1.71085410526765,14.780553199676824,-6.47127248056681,0,14.780553199676874,-6.471272480566837,-1.71085410526765,14.780553199676824,-6.47127248056681,0,14.780553199676874,-0.08119028804301459
19.62,16.22868855858522,-6.467748385556121,-1.7099273673891275,14.772499996187342,-6.467748385556124,0,14.772499996187392,-6.467748385556121,-1.7099273673891275,14.772499996187342,-6.467748385556124,0,14.772499996187392,-0.08114587086666403
19.64,16.219884213002132,-6.4642409538338175,-1.7090054256626033,14.764484531896208,-6.464240953833791,0,14.764484531896287,-6.4642409538338175,-1.7090054256626033,14.764484531896208,-6.464240953833791,0,14.764484531896287,-0.08110164681873096
19.66,16.211128772342242,-6.46075311802327,-1.708089059970888,14.756513501337444,-6.460753118023273,0,14.75651350133748,-6.46075311802327,-1.708089059970888,14.756513501337444,-6.460753118023273,0,14.75651350133748,-0.08105765251062641
19.68,16.20242959208394,-6.457287810748026,-1.707179050195954,14.748593599044874,-6.457287810747999,0,14.74859359904491,-6.457287810748026,-1.707179050195954,14.748593599044874,-6.457287810747999,0,14.74859359904491,-0.08101392455376152
19.7,16.193794027705724,-6.453847964631196,-1.7062761762203493,14.740731519552462,-6.453847964631198,0,14.740731519552497,-6.453847964631196,-1.7062761762203493,14.740731519552462,-6.453847964631198,0,14.740731519552497,-0.08097049955954741
19.72,16.185229434686295,-6.450436512296241,-1.7053812179268348,14.732933957394152,-6.450436512296214,0,14.73293395739418,-6.450436512296241,-1.7053812179268348,14.732933957394152,-6.450436512296214,0,14.73293395739418,-0.08092741413939514
19.74,16.176194905074986,-6.446837396229716,-1.7044352344065743,14.724708921816934,-6.446837396229689,0,14.724708921817012,-6.446837396229716,-1.7044352344065743,14.724708921816934,-6.446837396229689,0,14.724708921817012,-0.08088203173831293
19.76,16.166849357088495,-6.443114087007649,-1.7034555148448263,14.716200964642091,-6.44311408700765,0,14.716200964642113,-6.443114087007649,-1.7034555148448263,14.716200964642091,-6.44311408700765,0,14.716200964642113,-0.08083512794172687
19.78,16.157469179860815,-6.439376976029605,-1.7024721442020692,14.707661485994521,-6.439376976029607,0,14.70766148599455,-6.439376976029605,-1.7024721442020692,14.707661485994521,-6.439376976029607,0,14.70766148599455,-0.08078805108766542
19.8,16.148055950672823,-6.435626687962822,-1.7014852729580525,14.699091924719617,-6.435626687962824,0,14.699091924719639,-6.435626687962822,-1.7014852729580525,14.699091924719617,-6.435626687962824,0,14.699091924719639,-0.08074080961480222
19.82,16.138611246805404,-6.431863847473993,-1.7004950515922772,14.690493719663074,-6.431863847473995,0,14.690493719663081,-6.431863847473993,-1.7004950515922772,14.690493719663074,-6.431863847473995,0,14.690493719663081,-0.08069341196181092
19.84,16.129136645539425,-6.428089079230141,-1.6995016305847415,14.681868309670406,-6.428089079230144,0,14.681868309670435,-6.428089079230141,-1.6995016305847415,14.681868309670406,-6.428089079230144,0,14.681868309670435,-0.08064586656736511
19.86,16.119633724155623,-6.4243030078982475,-1.6985051604151025,14.673217133587066,-6.424303007898249,0,14.673217133587087,-6.4243030078982475,-1.6985051604151025,14.673217133587066,-6.424303007898249,0,14.673217133587087,-0.08059818187013844
19.88,16.110104059934766,-6.420506258145123,-1.697505791562726,14.664541630258704,-6.420506258145124,0,14.66454163025874,-6.420506258145123,-1.697505791562726,14.664541630258704,-6.420506258145124,0,14.66454163025874,-0.08055036630880459
19.9,16.10054923015743,-6.416699454637618,-1.6965036745076887,14.65584323853065,-6.4166994546376195,0,14.655843238530679,-6.416699454637618,-1.6965036745076887,14.65584323853065,-6.4166994546376195,0,14.655843238530679,-0.08050242832203713
19.92,16.09097081210458,-6.412883222042781,-1.6954989597295267,14.647123397248706,-6.412883222042783,0,14.647123397248734,-6.412883222042781,-1.6954989597295267,14.647123397248706,-6.412883222042783,0,14.647123397248734,-0.08045437634850972
19.94,16.081370383056473,-6.409058185027204,-1.694491797708082,14.638383545258073,-6.4090581850271775,0,14.638383545258122,-6.409058185027204,-1.694491797708082,14.638383545258073,-6.4090581850271775,0,14.638383545258122,-0.080406218826896
19.96,16.07174952029421,-6.405224968258377,-1.693482338922756,14.629625121404544,-6.405224968258352,0,14.629625121404572,-6.405224968258377,-1.693482338922756,14.629625121404544,-6.405224968258352,0,14.629625121404572,-0.0803579641958696
19.98,16.062109801098142,-6.401384196402743,-1.692470733853547,14.620849564533536,-6.4013841964027165,0,14.620849564533543,-6.401384196402743,-1.692470733853547,14.620849564533536,-6.4013841964027165,0,14.620849564533543,-0.08030962089410415
20.0,16.052452802748824,-6.397536494127186,-1.6914571329801333,14.612058313490529,-6.397536494127188,0,14.612058313490536,-6.397536494127186,-1.6914571329801333,14.612058313490529,-6.397536494127188,0,14.612058313490536,-0.08026119736027326
