Time,normE,es.EX,es.EY,es.EZ,es.tEX,es.tEY,es.tEZ,es.Ex,es.Ey,es.Ez,es.tEx,es.tEy,es.tEz,V
0.0,1.2460799519631902,-1.2040427720238158,0.09275495169256182,-0.3068779804371502,-1.2040427720238203,0,-0.3068779804371484,-1.2040427720238158,0.09275495169256182,-0.3068779804371502,-1.2040427720238203,0,-0.3068779804371484,0.007221299119874336
0.02,1.076262617402433,-1.0399543169083856,0.08011419112300044,-0.2650562653967423,-1.0399543169083785,0,-0.265056265396745,-1.0399543169083856,0.08011419112300044,-0.2650562653967423,-1.0399543169083785,0,-0.265056265396745,0.006237171431605114
0.04,1.086161059786665,-1.049518829041555,0.08085101794568916,-0.26749400163957615,-1.0495188290415598,0,-0.26749400163957215,-1.049518829041555,0.08085101794568916,-0.26749400163957615,-1.0495188290415598,0,-0.26749400163957215,0.0062945345021234445
0.06,1.09615269519408,-1.0591733881129284,0.08159481021636628,-0.2699546894419067,-1.0591733881129262,0,-0.26995468944190737,-1.0591733881129284,0.08159481021636628,-0.2699546894419067,-1.0591733881129262,0,-0.26995468944190737,0.006352436476982448
0.08,1.1062874340672408,-1.068966225589758,0.08234922047790771,-0.27245061944710613,-1.0689662255897616,0,-0.27245061944710347,-1.068966225589758,0.08234922047790771,-0.27245061944710613,-1.0689662255897616,0,-0.27245061944710347,0.006411169176868215
0.1,1.1165409761578802,-1.0788738605621706,0.08311244570051324,-0.27497580721393433,-1.0788738605621688,0,-0.27497580721393167,-1.0788738605621706,0.08311244570051324,-0.27497580721393433,-1.0788738605621688,0,-0.27497580721393167,0.006470591537242055
0.12,1.126794518248529,-1.088781495534592,0.0838756709231156,-0.2775009949807641,-1.088781495534592,0,-0.2775009949807714,-1.088781495534592,0.0838756709231156,-0.2775009949807641,-1.088781495534592,0,-0.2775009949807714,0.006530013897615897
0.14,1.1371051019172023,-1.0987442428944347,0.08464320604729708,-0.28004023165941194,-1.0987442428944334,0,-0.28004023165940417,-1.0987442428944347,0.08464320604729708,-0.28004023165941194,-1.0987442428944334,0,-0.28004023165940417,0.006589764197063849
0.16,1.1479131427660656,-1.1091876230449773,0.08544832763996862,-0.2827019883013917,-1.1091876230449742,0,-0.2827019883013957,-1.1091876230449773,0.08544832763996862,-0.2827019883013917,-1.1091876230449742,0,-0.2827019883013957,0.0066523744392527045
0.18,1.1587211836152917,-1.11963100319552,0.0862534492326536,-0.2853637449433861,-1.1196310031955221,0,-0.28536374494339256,-1.11963100319552,0.0862534492326536,-0.2853637449433861,-1.1196310031955221,0,-0.28536374494339256,0.006714984681441563
0.2,1.1695292244648599,-1.1300743833460607,0.08705857082532781,-0.2880255015853661,-1.1300743833460647,0,-0.28802550158536455,-1.1300743833460607,0.08705857082532781,-0.2880255015853661,-1.1300743833460647,0,-0.28802550158536455,0.00677759492363042
0.22,1.1803372653147735,-1.140517763496606,0.08786369241800124,-0.29068725822735453,-1.1405177634966126,0,-0.2906872582273454,-1.140517763496606,0.08786369241800124,-0.29068725822735453,-1.1405177634966126,0,-0.2906872582273454,0.006840205165819278
0.24,1.191145306165007,-1.1509611436471414,0.08866881401068877,-0.2933490148693385,-1.1509611436471463,0,-0.2933490148693352,-1.1509611436471414,0.08866881401068877,-0.2933490148693385,-1.1509611436471463,0,-0.2933490148693352,0.006902815408008135
0.26,1.2019533470155532,-1.1614045237976707,0.08947393560335953,-0.29601077151131894,-1.16140452379768,0,-0.2960107715113143,-1.1614045237976707,0.08947393560335953,-0.29601077151131894,-1.16140452379768,0,-0.2960107715113143,0.006965425650196992
0.28,1.2130310935836401,-1.1721084988163568,0.0902992936633426,-0.2987389523214776,-1.1721084988163568,0,-0.2987389523214752,-1.1721084988163568,0.0902992936633426,-0.2987389523214776,-1.1721084988163568,0,-0.2987389523214752,0.007029592299242192
0.3,1.2250887584784644,-1.1837592898294984,0.09119817662071888,-0.3017084712105833,-1.1837592898295028,0,-0.3017084712105831,-1.1837592898294984,0.09119817662071888,-0.3017084712105833,-1.1837592898295028,0,-0.3017084712105831,0.007099413821371265
0.32,1.237146423374861,-1.19541008084264,0.09209705957806674,-0.3046779900996772,-1.1954100808426489,0,-0.3046779900996821,-1.19541008084264,0.09209705957806674,-0.3046779900996772,-1.1954100808426489,0,-0.3046779900996821,0.007169235343500339
0.34,1.2492040882728033,-1.2070608718557914,0.09299594253542875,-0.30764750898878757,-1.2070608718557896,0,-0.30764750898878823,-1.2070608718557914,0.09299594253542875,-0.30764750898878757,-1.2070608718557896,0,-0.30764750898878823,0.007239056865629411
0.36,1.261261753172239,-1.2187116628689472,0.09389482549281208,-0.3106170278778948,-1.2187116628689427,0,-0.3106170278778908,-1.2187116628689472,0.09389482549281208,-0.3106170278778948,-1.2187116628689427,0,-0.3106170278778908,0.007308878387758485
0.38,1.2733194180731169,-1.2303624538821012,0.09479370845017321,-0.3135865467670016,-1.2303624538821047,0,-0.31358654676700404,-1.2303624538821012,0.09479370845017321,-0.3135865467670016,-1.2303624538821047,0,-0.31358654676700404,0.007378699909887556
0.4,1.2853770829753937,-1.2420132448952508,0.09569259140752556,-0.31655606565610617,-1.2420132448952526,0,-0.3165560656560995,-1.2420132448952508,0.09569259140752556,-0.31655606565610617,-1.2420132448952526,0,-0.3165560656560995,0.0074485214320166295
0.42,1.2974347478790245,-1.2536640359083897,0.09659147436489557,-0.3195255845451994,-1.2536640359083986,0,-0.31952558454520386,-1.2536640359083897,0.09659147436489557,-0.3195255845451994,-1.2536640359083986,0,-0.31952558454520386,0.0075183429541457025
0.44,1.3094924127839889,-1.2653148269215313,0.09749035732226735,-0.3224951034343051,-1.2653148269215375,0,-0.32249510343431,-1.2653148269215313,0.09749035732226735,-0.3224951034343051,-1.2653148269215375,0,-0.32249510343431,0.0075881644762747745
0.46,1.321550077690264,-1.276965617934696,0.09838924027961604,-0.3254646223234039,-1.2769656179346995,0,-0.32546462232339834,-1.276965617934696,0.09838924027961604,-0.3254646223234039,-1.2769656179346995,0,-0.32546462232339834,0.007657985998403848
0.48,1.333607742597779,-1.2886164089478402,0.09928812323698072,-0.32843414121251135,-1.2886164089478402,0,-0.32843414121251335,-1.2886164089478402,0.09928812323698072,-0.32843414121251135,-1.2886164089478402,0,-0.32843414121251335,0.007727807520532923
0.5,1.3456654075065237,-1.3002671999609925,0.1001870061943535,-0.3314036601016115,-1.3002671999609952,0,-0.33140366010160704,-1.3002671999609925,0.1001870061943535,-0.3314036601016115,-1.3002671999609952,0,-0.33140366010160704,0.007797629042661993
0.52,1.3577230724164493,-1.3119179909741385,0.10108588915171729,-0.33437317899070207,-1.3119179909741412,0,-0.3343731789906954,-1.3119179909741385,0.10108588915171729,-0.33437317899070207,-1.3119179909741412,0,-0.3343731789906954,0.007867450564791068
0.54,1.36978073732755,-1.323568781987296,0.10198477210908463,-0.3373426978798115,-1.3235687819872943,0,-0.3373426978798122,-1.323568781987296,0.10198477210908463,-0.3373426978798115,-1.3235687819872943,0,-0.3373426978798122,0.00793727208692014
0.56,1.382465193170341,-1.3358252181483197,0.10293032022735543,-0.3404665796852422,-1.3358252181483241,0,-0.3404665796852413,-1.3358252181483197,0.10293032022735543,-0.3404665796852422,-1.3358252181483241,0,-0.3404665796852413,0.00801072564692794
0.58,1.3959417479506886,-1.3488470305362643,0.10393484083950033,-0.34378553563084013,-1.348847030536275,0,-0.34378553563083614,-1.3488470305362643,0.10393484083950033,-0.34378553563084013,-1.348847030536275,0,-0.34378553563083614,0.008088769147856386
0.6,1.4094183027320915,-1.3618688429242,0.10493936145165572,-0.3471044915764552,-1.3618688429242027,0,-0.34710449157646295,-1.3618688429242,0.10493936145165572,-0.3471044915764552,-1.3618688429242027,0,-0.34710449157646295,0.00816681264878483
0.62,1.4228948575145397,-1.3748906553121492,0.10594388206382371,-0.35042344752208243,-1.3748906553121394,0,-0.3504234475220862,-1.3748906553121492,0.10594388206382371,-0.35042344752208243,-1.3748906553121394,0,-0.3504234475220862,0.008244856149713277
0.64,1.4363714122979776,-1.387912467700092,0.10694840267599431,-0.3537424034676946,-1.387912467700076,0,-0.35374240346769703,-1.387912467700092,0.10694840267599431,-0.3537424034676946,-1.387912467700076,0,-0.35374240346769703,0.008322899650641721
0.66,1.4498479670823903,-1.4009342800880438,0.10795292328812944,-0.3570613594132952,-1.4009342800880393,0,-0.3570613594132954,-1.4009342800880438,0.10795292328812944,-0.3570613594132952,-1.4009342800880393,0,-0.3570613594132954,0.008400943151570167
0.68,1.4633245218677386,-1.4139560924759822,0.10895744390029116,-0.3603803153589029,-1.413956092475992,0,-0.36038031535889736,-1.4139560924759822,0.10895744390029116,-0.3603803153589029,-1.413956092475992,0,-0.36038031535889736,0.008478986652498612
0.7,1.4768010766539978,-1.4269779048639064,0.1099619645124636,-0.36369927130453106,-1.4269779048639002,0,-0.3636992713045295,-1.4269779048639064,0.1099619645124636,-0.36369927130453106,-1.4269779048639002,0,-0.3636992713045295,0.008557030153427056
0.72,1.4902776314411834,-1.4399997172518706,0.11096648512461549,-0.3670182272501401,-1.4399997172518706,0,-0.367018227250135,-1.4399997172518706,0.11096648512461549,-0.3670182272501401,-1.4399997172518706,0,-0.367018227250135,0.008635073654355502
0.74,1.5037541862292196,-1.4530215296398152,0.11197100573677277,-0.37033718319574604,-1.4530215296398001,0,-0.37033718319574405,-1.4530215296398152,0.11197100573677277,-0.37033718319574604,-1.4530215296398001,0,-0.37033718319574405,0.008713117155283945
0.76,1.517230741018103,-1.466043342027758,0.1129755263489452,-0.37365613914135465,-1.466043342027758,0,-0.37365613914135487,-1.466043342027758,0.1129755263489452,-0.37365613914135465,-1.466043342027758,0,-0.37365613914135487,0.008791160656212391
0.78,1.5307072958078192,-1.4790651544157098,0.11398004696109093,-0.37697509508697213,-1.4790651544157072,0,-0.3769750950869746,-1.4790651544157098,0.11398004696109093,-0.37697509508697213,-1.4790651544157072,0,-0.3769750950869746,0.008869204157140837
0.8,1.5441838505983145,-1.4920869668036385,0.11498456757324282,-0.38029405103258274,-1.4920869668036456,0,-0.3802940510325765,-1.4920869668036385,0.11498456757324282,-0.38029405103258274,-1.4920869668036456,0,-0.3802940510325765,0.008947247658069282
0.82,1.5576604053896017,-1.5051087791915734,0.11598908818541614,-0.383613006978202,-1.505108779191568,0,-0.38361300697820155,-1.5051087791915734,0.11598908818541614,-0.383613006978202,-1.505108779191568,0,-0.38361300697820155,0.009025291158997728
0.84,1.57221500954003,-1.5191725559771143,0.1170701309258777,-0.3871974002753449,-1.5191725559771196,0,-0.3871974002753511,-1.5191725559771143,0.1170701309258777,-0.3871974002753449,-1.5191725559771196,0,-0.3871974002753511,0.00910973550319393
0.86,1.5873062196090895,-1.5337549771500418,0.11818926304106175,-0.39091391669773046,-1.5337549771500534,0,-0.3909139166977287,-1.5337549771500418,0.11818926304106175,-0.39091391669773046,-1.5337549771500534,0,-0.3909139166977287,0.009197365907723111
0.88,1.6023974296933727,-1.5483373983229711,0.11930839515624053,-0.3946304331201125,-1.5483373983229693,0,-0.39463043312011514,-1.5483373983229711,0.11930839515624053,-0.3946304331201125,-1.5483373983229693,0,-0.39463043312011514,0.009284996312252294
0.9,1.6174886397924733,-1.5629198194959164,0.1204275272714379,-0.3983469495425056,-1.5629198194959208,0,-0.3983469495425016,-1.5629198194959164,0.1204275272714379,-0.3983469495425056,-1.5629198194959208,0,-0.3983469495425016,0.009372626716781476
0.92,1.6325798499059312,-1.5775022406688404,0.12154665938661124,-0.40206346596486897,-1.5775022406688386,0,-0.40206346596486675,-1.5775022406688404,0.12154665938661124,-0.40206346596486897,-1.5775022406688386,0,-0.40206346596486675,0.009460257121310657
0.94,1.6476710600333906,-1.5920846618417652,0.12266579150178736,-0.4057799823872674,-1.5920846618417634,0,-0.40577998238726565,-1.5920846618417652,0.12266579150178736,-0.4057799823872674,-1.5920846618417634,0,-0.40577998238726565,0.009547887525839842
0.96,1.6627622701744706,-1.6066670830147043,0.12378492361698468,-0.4094964988096441,-1.6066670830147007,0,-0.409496498809645,-1.6066670830147043,0.12378492361698468,-0.4094964988096441,-1.6066670830147007,0,-0.409496498809645,0.009635517930369023
0.98,1.677853480328794,-1.6212495041876451,0.12490405573214913,-0.4132130152320195,-1.6212495041876593,0,-0.41321301523201726,-1.6212495041876451,0.12490405573214913,-0.4132130152320195,-1.6212495041876593,0,-0.41321301523201726,0.009723148334898204
1.0,1.6929446904959926,-1.6358319253605673,0.12602318784733868,-0.4169295316544055,-1.6358319253605753,0,-0.4169295316544055,-1.6358319253605673,0.12602318784733868,-0.4169295316544055,-1.6358319253605753,0,-0.4169295316544055,0.009810778739427387
1.02,1.708035900675751,-1.6504143465335028,0.1271423199625138,-0.4206460480767906,-1.6504143465335233,0,-0.4206460480767973,-1.6504143465335028,0.1271423199625138,-0.4206460480767906,-1.6504143465335233,0,-0.4206460480767973,0.009898409143956568
1.04,1.7231271108677317,-1.6649967677064454,0.12826145207768636,-0.424362564499166,-1.6649967677064463,0,-0.4243625644991553,-1.6649967677064454,0.12826145207768636,-0.424362564499166,-1.6649967677064463,0,-0.4243625644991553,0.00998603954848575
1.06,1.7382183210715971,-1.6795791888793685,0.12938058419288556,-0.42807908092154934,-1.6795791888793694,0,-0.4280790809215578,-1.6795791888793685,0.12938058419288556,-0.42807908092154934,-1.6795791888793694,0,-0.4280790809215578,0.010073669953014933
1.08,1.7533095312870604,-1.6941616100522943,0.13049971630806778,-0.43179559734394735,-1.6941616100523014,0,-0.43179559734394957,-1.6941616100522943,0.13049971630806778,-0.43179559734394735,-1.6941616100523014,0,-0.43179559734394957,0.010161300357544112
1.1,1.7684007415138363,-1.708744031225244,0.13161884842324556,-0.43551211376632004,-1.7087440312252404,0,-0.43551211376632004,-1.708744031225244,0.13161884842324556,-0.43551211376632004,-1.7087440312252404,0,-0.43551211376632004,0.010248930762073295
1.12,1.784209130791968,-1.7240193208682673,0.1327928911868521,-0.43940527759618053,-1.7240193208682602,0,-0.43940527759617787,-1.7240193208682673,0.1327928911868521,-0.43940527759618053,-1.7240193208682602,0,-0.43940527759617787,0.010340654573854894
1.14,1.800206542257544,-1.7394772253171444,0.13398140639049927,-0.4433449992265528,-1.739477225317163,0,-0.44334499922655546,-1.7394772253171444,0.13398140639049927,-0.4433449992265528,-1.739477225317163,0,-0.44334499922655546,0.010433457258183124
1.16,1.8163133900663624,-1.755040856489492,0.13517830056243219,-0.44731167597524335,-1.7550408564894866,0,-0.44731167597523935,-1.755040856489492,0.13517830056243219,-0.44731167597524335,-1.7550408564894866,0,-0.44731167597523935,0.010526884566888516
1.18,1.8325296742175323,-1.770710214385315,0.13638357370264464,-0.4513053078422886,-1.7707102143853177,0,-0.45130530784229705,-1.770710214385315,0.13638357370264464,-0.4513053078422886,-1.7707102143853177,0,-0.45130530784229705,0.010620936499971069
1.2,1.8488553947102273,-1.786485299004564,0.13759722581116618,-0.45532589482764907,-1.7864852990045712,0,-0.4553258948276522,-1.786485299004564,0.13759722581116618,-0.45532589482764907,-1.7864852990045712,0,-0.4553258948276522,0.010715613057430778
1.22,1.865290551543882,-1.80236611034731,0.13881925688797248,-0.4593734369313558,-1.802366110347334,0,-0.45937343693136334,-1.80236611034731,0.13881925688797248,-0.4593734369313558,-1.802366110347334,0,-0.45937343693136334,0.010810914239267649
1.24,1.8818351447179116,-1.8183526484134882,0.14004966693307075,-0.4634479341533826,-1.818352648413505,0,-0.463447934153395,-1.8183526484134882,0.14004966693307075,-0.4634479341533826,-1.818352648413505,0,-0.463447934153395,0.010906840045481678
1.26,1.898489174231948,-1.834444913203125,0.14128845594645745,-0.46754938649374367,-1.8344449132031375,0,-0.467549386493733,-1.834444913203125,0.14128845594645745,-0.46754938649374367,-1.8344449132031375,0,-0.467549386493733,0.01100339047607287
1.28,1.9152526400857184,-1.8506429047162314,0.14253562392810804,-0.4716777939524399,-1.8506429047162385,0,-0.47167779395243414,-1.8506429047162314,0.14253562392810804,-0.4716777939524399,-1.8506429047162385,0,-0.47167779395243414,0.011100565531041221
1.3,1.9321255422790298,-1.8669466229527858,0.1437911708780858,-0.47583315652945535,-1.866946622952792,0,-0.4758331565294647,-1.8669466229527858,0.1437911708780858,-0.47583315652945535,-1.866946622952792,0,-0.4758331565294647,0.01119836521038673
1.32,1.9491078808118392,-1.8833560679128167,0.14505509679634443,-0.4800154742247895,-1.8833560679128052,0,-0.48001547422479085,-1.8833560679128167,0.14505509679634443,-0.4800154742247895,-1.8833560679128052,0,-0.48001547422479085,0.011296789514109404
1.34,1.9661996556841501,-1.8998712395962851,0.14632740168289493,-0.48422474703847707,-1.8998712395962816,0,-0.4842247470384802,-1.8998712395962851,0.14632740168289493,-0.48422474703847707,-1.8998712395962816,0,-0.4842247470384802,0.01139583844220923
1.36,1.9834008668961118,-1.916492138003214,0.14760808553771687,-0.48846097497051266,-1.916492138003214,0,-0.488460974970522,-1.916492138003214,0.14760808553771687,-0.48846097497051266,-1.916492138003214,0,-0.488460974970522,0.011495511994686222
1.38,2.000711514447934,-1.9332187631336044,0.14889714836080092,-0.4927241580208488,-1.9332187631336204,0,-0.49272415802083813,-1.9332187631336044,0.14889714836080092,-0.4927241580208488,-1.9332187631336204,0,-0.49272415802083813,0.011595810171540372
1.4,2.0181315983399495,-1.9500511149874624,0.15019459015223968,-0.49701429618952897,-1.9500511149874633,0,-0.4970142961895281,-1.9500511149874624,0.15019459015223968,-0.49701429618952897,-1.9500511149874633,0,-0.4970142961895281,0.011696732972771679
1.42,2.0356611185725,-1.9669891935647525,0.15150041091193345,-0.501331389476515,-1.9669891935647374,0,-0.5013313894765226,-1.9669891935647525,0.15150041091193345,-0.501331389476515,-1.9669891935647374,0,-0.5013313894765226,0.011798280398380148
1.44,2.053300075146111,-1.9840329988655085,0.15281461063993507,-0.5056754378818655,-1.9840329988655068,0,-0.5056754378818731,-1.9840329988655085,0.15281461063993507,-0.5056754378818655,-1.9840329988655068,0,-0.5056754378818731,0.011900452448365779
1.46,2.071048468061311,-2.0011825308897286,0.1541371893361987,-0.5100464414055175,-2.0011825308897446,0,-0.5100464414055104,-2.0011825308897286,0.1541371893361987,-0.5100464414055175,-2.0011825308897446,0,-0.5100464414055104,0.012003249122728566
1.48,2.0889062973187507,-2.0184377896374226,0.15546814700077916,-0.5144444000475228,-2.0184377896374457,0,-0.5144444000475108,-2.0184377896374226,0.15546814700077916,-0.5144444000475228,-2.0184377896374457,0,-0.5144444000475108,0.012106670421468516
1.5,2.106873562919106,-2.035798775108585,0.15680748363360275,-0.5188693138078557,-2.0357987751085798,0,-0.5188693138078513,-2.035798775108585,0.15680748363360275,-0.5188693138078557,-2.0357987751085798,0,-0.5188693138078513,0.012210716344585624
1.52,2.1249502648630987,-2.053265487303178,0.15815519923474675,-0.5233211826864879,-2.053265487303186,0,-0.523321182686491,-2.053265487303178,0.15815519923474675,-0.5233211826864879,-2.053265487303186,0,-0.523321182686491,0.012315386892079892
1.54,2.143136403151581,-2.0708379262212233,0.15951129380417484,-0.527800006683464,-2.0708379262212553,0,-0.5278000066834618,-2.0708379262212233,0.15951129380417484,-0.527800006683464,-2.0708379262212553,0,-0.5278000066834618,0.012420682063951322
1.56,2.1614319777854147,-2.088516091862693,0.16087576734190556,-0.5323057857988038,-2.088516091862701,0,-0.5323057857987976,-2.088516091862693,0.16087576734190556,-0.5323057857988038,-2.088516091862701,0,-0.5323057857987976,0.012526601860199908
1.58,2.179836988765624,-2.1062999842276966,0.16224861984792227,-0.5368385200324184,-2.106299984227686,0,-0.5368385200324273,-2.1062999842276966,0.16224861984792227,-0.5368385200324184,-2.106299984227686,0,-0.5368385200324273,0.012633146280825656
1.6,2.198351436093137,-2.124189603316138,0.16362985132222363,-0.5413982093844161,-2.1241896033161645,0,-0.541398209384429,-2.124189603316138,0.16362985132222363,-0.5413982093844161,-2.1241896033161645,0,-0.541398209384429,0.012740315325828566
1.62,2.2169753197689737,-2.142184949128005,0.16501946176480742,-0.5459848538547396,-2.142184949128005,0,-0.5459848538547192,-2.142184949128005,0.16501946176480742,-0.5459848538547396,-2.142184949128005,0,-0.5459848538547192,0.01284810899520863
1.64,2.2357086397942494,-2.1602860216633246,0.16641745117567608,-0.5505984534433646,-2.1602860216633246,0,-0.5505984534433601,-2.1602860216633246,0.16641745117567608,-0.5505984534433646,-2.1602860216633246,0,-0.5505984534433601,0.012956527288965859
1.66,2.254763119315747,-2.1786974958361274,0.16783834049879864,-0.5552911303913657,-2.1786974958361327,0,-0.5552911303913728,-2.1786974958361274,0.16783834049879864,-0.5552911303913657,-2.1786974958361327,0,-0.5552911303913728,0.013066848193548053
1.68,2.27435782250035,-2.1976311432043367,0.16929715415921598,-0.5601168141616131,-2.1976311432043367,0,-0.56011681416161,-2.1976311432043367,0.16929715415921598,-0.5601168141616131,-2.1976311432043367,0,-0.56011681416161,0.013180394006719678
1.7,2.294105910892422,-2.216713003108466,0.17076736100249468,-0.564980272430653,-2.2167130031084703,0,-0.5649802724306667,-2.216713003108466,0.17076736100249468,-0.564980272430653,-2.2167130031084703,0,-0.5649802724306667,0.013294829724910279
1.72,2.314007384491944,-2.235943075548513,0.17224896102860954,-0.5698815051984614,-2.235943075548512,0,-0.5698815051984454,-2.235943075548513,0.17224896102860954,-0.5698815051984614,-2.235943075548512,0,-0.5698815051984454,0.01341015534811985
1.74,2.3340622432988765,-2.255321360524456,0.17374195423747385,-0.5748205124650148,-2.2553213605244657,0,-0.5748205124650276,-2.255321360524456,0.17374195423747385,-0.5748205124650148,-2.2553213605244657,0,-0.5748205124650276,0.013526370876348394
1.76,2.3542704873132774,-2.27484785803635,0.17524634062926325,-0.5797972942303065,-2.2748478580363525,0,-0.5797972942303176,-2.27484785803635,0.17524634062926325,-0.5797972942303065,-2.2748478580363525,0,-0.5797972942303176,0.013643476309595908
1.78,2.3746321165350577,-2.2945225680841226,0.176762120203784,-0.5848118504943378,-2.294522568084144,0,-0.5848118504943365,-2.2945225680841226,0.176762120203784,-0.5848118504943378,-2.294522568084144,0,-0.5848118504943365,0.013761471647862395
1.8,2.3951471309642587,-2.314345490667801,0.1782892929612,-0.589864181257139,-2.314345490667794,0,-0.5898641812571306,-2.314345490667801,0.1782892929612,-0.589864181257139,-2.314345490667794,0,-0.5898641812571306,0.013880356891147852
1.82,2.415815530600863,-2.334316625787385,0.17982785890140252,-0.5949542865186839,-2.334316625787391,0,-0.5949542865186714,-2.334316625787385,0.17982785890140252,-0.5949542865186839,-2.334316625787391,0,-0.5949542865186714,0.014000132039452282
1.84,2.436637315444907,-2.3544359734429046,0.18137781802444852,-0.6000821662789892,-2.354435973442918,0,-0.6000821662789946,-2.3544359734429046,0.18137781802444852,-0.6000821662789892,-2.354435973442918,0,-0.6000821662789946,0.014120797092775682
1.86,2.457612485496363,-2.3747035336343476,0.18293917033026863,-0.6052478205380263,-2.3747035336343387,0,-0.6052478205380183,-2.3747035336343476,0.18293917033026863,-0.6052478205380263,-2.3747035336343387,0,-0.6052478205380183,0.014242352051118054
1.88,2.4787410407552137,-2.395119306361682,0.1845119158189764,-0.6104512492958087,-2.3951193063616714,0,-0.6104512492958136,-2.395119306361682,0.1845119158189764,-0.6104512492958087,-2.3951193063616714,0,-0.6104512492958136,0.014364796914479398
1.9,2.5000229812214863,-2.415683291624932,0.1860960544904886,-0.6156924525523788,-2.415683291624937,0,-0.6156924525523841,-2.415683291624932,0.1860960544904886,-0.6156924525523788,-2.415683291624937,0,-0.6156924525523841,0.01448813168285971
1.92,2.521458306895127,-2.436395489424058,0.1876915863448212,-0.6209714303076606,-2.4363954894240614,0,-0.6209714303076588,-2.436395489424058,0.1876915863448212,-0.6209714303076606,-2.4363954894240614,0,-0.6209714303076588,0.014612356356258998
1.94,2.5430470177762174,-2.457255899759126,0.18929851138193865,-0.6262881825617308,-2.4572558997591045,0,-0.6262881825617335,-2.457255899759126,0.18929851138193865,-0.6262881825617308,-2.4572558997591045,0,-0.6262881825617335,0.014737470934677257
1.96,2.564789113864748,-2.4782645226301323,0.19091682960193312,-0.6316427093145207,-2.4782645226301376,0,-0.6316427093145229,-2.4782645226301323,0.19091682960193312,-0.6316427093145207,-2.4782645226301376,0,-0.6316427093145229,0.014863475418114487
1.98,2.5866845951606745,-2.4994213580370204,0.192546541004725,-0.6370350105660871,-2.4994213580370293,0,-0.6370350105660769,-2.4994213580370204,0.192546541004725,-0.6370350105660871,-2.4994213580370293,0,-0.6370350105660769,0.014990369806570689
2.0,2.608733461664057,-2.5207264059798664,0.1941876455903373,-0.6424650863163524,-2.5207264059798646,0,-0.6424650863163528,-2.5207264059798664,0.1941876455903373,-0.6424650863163524,-2.5207264059798646,0,-0.6424650863163528,0.015118154100045862
2.02,2.6309357133748206,-2.542179666458555,0.19584014335879651,-0.6479329365654287,-2.5421796664585656,0,-0.6479329365654358,-2.542179666458555,0.19584014335879651,-0.6479329365654287,-2.5421796664585656,0,-0.6479329365654358,0.015246828298540004
2.04,2.6532913502930553,-2.563781139473198,0.19750403431007968,-0.6534385613132323,-2.563781139473207,0,-0.6534385613132372,-2.563781139473198,0.19750403431007968,-0.6534385613132323,-2.563781139473207,0,-0.6534385613132372,0.01537639240205312
2.06,2.6758003724186787,-2.5855308250236995,0.19917931844417613,-0.658981960559784,-2.585530825023696,0,-0.6589819605597889,-2.5855308250236995,0.19917931844417613,-0.658981960559784,-2.585530825023696,0,-0.6589819605597889,0.015506846410585211
2.08,2.6984627797518677,-2.607428723110239,0.20086599576105368,-0.6645631343050784,-2.607428723110246,0,-0.6645631343050731,-2.607428723110239,0.20086599576105368,-0.6645631343050784,-2.607428723110246,0,-0.6645631343050731,0.01563819032413627
2.1,2.721278572292406,-2.6294748337325693,0.2025640662608139,-0.6701820825491476,-2.629474833732573,0,-0.6701820825491502,-2.6294748337325693,0.2025640662608139,-0.6701820825491476,-2.629474833732573,0,-0.6701820825491502,0.0157704241427063
2.12,2.744247750040409,-2.6516691568908133,0.20427352994339798,-0.6758388052919604,-2.651669156890815,0,-0.6758388052919599,-2.6516691568908133,0.20427352994339798,-0.6758388052919604,-2.651669156890815,0,-0.6758388052919599,0.0159035478662953
2.14,2.767370312995917,-2.6740116925850135,0.20599438680874727,-0.6815333025335044,-2.6740116925850295,0,-0.6815333025335164,-2.6740116925850135,0.20599438680874727,-0.6815333025335044,-2.6740116925850295,0,-0.6815333025335164,0.016037561494903273
2.16,2.790646261158913,-2.6965024408151326,0.2077266368569649,-0.6872655742737876,-2.6965024408151343,0,-0.6872655742737912,-2.6965024408151326,0.2077266368569649,-0.6872655742737876,-2.6965024408151343,0,-0.6872655742737912,0.016172465028530217
2.18,2.814075594529378,-2.719141401581121,0.20947028008803126,-0.6930356205128949,-2.7191414015811297,0,-0.6930356205128874,-2.719141401581121,0.20947028008803126,-0.6930356205128949,-2.7191414015811297,0,-0.6930356205128874,0.016308258467176137
2.2,2.8376583131073962,-2.7419285748830955,0.21122531650185405,-0.6988434412507005,-2.7419285748830795,0,-0.6988434412506948,-2.7419285748830955,0.21122531650185405,-0.6988434412507005,-2.7419285748830795,0,-0.6988434412506948,0.016444941810841027
2.22,2.8618659160000384,-2.765319581207603,0.2130264787027788,-0.7048051493636418,-2.7653195812075992,0,-0.7048051493636436,-2.765319581207603,0.2130264787027788,-0.7048051493636418,-2.7653195812075992,0,-0.7048051493636436,0.016585262498586977
2.24,2.886384306349305,-2.789010901499701,0.21485062899722007,-0.7108433943559778,-2.789010901499715,0,-0.7108433943559724,-2.789010901499701,0.21485062899722007,-0.7108433943559778,-2.789010901499715,0,-0.7108433943559724,0.016727390278851263
2.26,2.9110978102118388,-2.8128907573538786,0.21668924635662268,-0.7169296899928699,-2.812890757353877,0,-0.7169296899928703,-2.8128907573538786,0.21668924635662268,-0.7169296899928699,-2.812890757353877,0,-0.7169296899928703,0.016870651116188615
2.28,2.9360064275877282,-2.8369591487701484,0.21854233078115948,-0.7230640362743457,-2.836959148770152,0,-0.723064036274355,-2.8369591487701484,0.21854233078115948,-0.7230640362743457,-2.836959148770152,0,-0.723064036274355,0.017015045010599028
2.3,2.9611101584770303,-2.861216075748528,0.2204098822706806,-0.7292464332003865,-2.8612160757485263,0,-0.7292464332003732,-2.861216075748528,0.2204098822706806,-0.7292464332003865,-2.8612160757485263,0,-0.7292464332003732,0.017160571962082507
2.32,2.9864090028797223,-2.8856615382889412,0.22229190082523087,-0.7354768807709391,-2.8856615382889466,0,-0.7354768807709391,-2.8856615382889412,0.22229190082523087,-0.7354768807709391,-2.8856615382889466,0,-0.7354768807709391,0.017307231970639055
2.34,3.0119029607959753,-2.91029553639148,0.22418838644486905,-0.741755378986078,-2.9102955363914624,0,-0.7417553789860847,-2.91029553639148,0.22418838644486905,-0.741755378986078,-2.9102955363914624,0,-0.7417553789860847,0.017455025036268668
2.36,3.037592032225847,-2.9351180700561574,0.22609933912946145,-0.7480819278457758,-2.9351180700561628,0,-0.7480819278457851,-2.9351180700561574,0.22609933912946145,-0.7480819278457758,-2.9351180700561628,0,-0.7480819278457851,0.017603951158971343
2.38,3.0634762171693053,-2.960129139282854,0.22802475887916818,-0.7544565273500647,-2.960129139282884,0,-0.7544565273500581,-2.960129139282854,0.22802475887916818,-0.7544565273500647,-2.960129139282884,0,-0.7544565273500581,0.017754010338747087
2.4,3.0895555156264694,-2.985328744071653,0.22996464569388975,-0.7608791774988717,-2.985328744071662,0,-0.7608791774988646,-2.985328744071653,0.22996464569388975,-0.7608791774988717,-2.985328744071662,0,-0.7608791774988646,0.0179052025755959
2.42,3.115829927597442,-3.0107168844225694,0.23191899957367235,-0.7673498782922721,-3.0107168844225534,0,-0.767349878292265,-3.0107168844225694,0.23191899957367235,-0.7673498782922721,-3.0107168844225534,0,-0.767349878292265,0.018057527869517774
2.44,3.142299453082223,-3.0362935603355634,0.2338878205184255,-0.7738686297301802,-3.0362935603355723,0,-0.7738686297301633,-3.0362935603355634,0.2338878205184255,-0.7738686297301802,-3.0362935603355723,0,-0.7738686297301633,0.018210986220512718
2.46,3.168964092080926,-3.0620587718106584,0.23587110852826443,-0.7804354318126583,-3.0620587718106442,0,-0.7804354318126414,-3.0620587718106584,0.23587110852826443,-0.7804354318126583,-3.0620587718106442,0,-0.7804354318126414,0.018365577628580727
2.48,3.1958238445935465,-3.0880125188477745,0.2378688636031696,-0.7870502845397249,-3.0880125188477408,0,-0.7870502845397169,-3.0880125188477745,0.2378688636031696,-0.7870502845397249,-3.0880125188477408,0,-0.7870502845397169,0.0185213020937218
2.5,3.2228787106202303,-3.114154801447011,0.23988108574307765,-0.7937131879113224,-3.1141548014470075,0,-0.793713187911333,-3.114154801447011,0.23988108574307765,-0.7937131879113224,-3.1141548014470075,0,-0.793713187911333,0.01867815961593594
2.52,3.2501286901610413,-3.140485619608345,0.24190777494801075,-0.8004241419275111,-3.1404856196083557,0,-0.8004241419275289,-3.140485619608345,0.24190777494801075,-0.8004241419275111,-3.1404856196083557,0,-0.8004241419275289,0.018836150195223146
2.54,3.277573783216072,-3.1670049733318137,0.24394893121797123,-0.8071831465882289,-3.1670049733317995,0,-0.8071831465882227,-3.1670049733318137,0.24394893121797123,-0.8071831465882289,-3.1670049733317995,0,-0.8071831465882227,0.018995273831583424
2.56,3.3052139897853055,-3.193712862617314,0.24600455455300163,-0.8139902018935121,-3.1937128626173177,0,-0.8139902018935175,-3.193712862617314,0.24600455455300163,-0.8139902018935121,-3.1937128626173177,0,-0.8139902018935175,0.01915553052501676
2.58,3.333049309868901,-3.2206092874649386,0.24807464495307885,-0.8208453078433555,-3.22060928746491,0,-0.8208453078433458,-3.2206092874649386,0.24807464495307885,-0.8208453078433555,-3.22060928746491,0,-0.8208453078433458,0.019316920275523165
2.6,3.3610797434668216,-3.247694247874577,0.250159202418194,-0.8277484644377564,-3.2476942478745947,0,-0.8277484644377502,-3.247694247874577,0.250159202418194,-0.8277484644377564,-3.2476942478745947,0,-0.8277484644377502,0.019479443083102628
2.62,3.3893052905792778,-3.2749677438463785,0.2522582269483258,-0.8346996716766899,-3.2749677438464317,0,-0.834699671676681,-3.2749677438463785,0.2522582269483258,-0.8346996716766899,-3.2749677438464317,0,-0.834699671676681,0.019643098947755167
2.64,3.417725951206302,-3.302429775380281,0.25437171854350793,-0.8416989295602306,-3.302429775380279,0,-0.84169892956022,-3.302429775380281,0.25437171854350793,-0.8416989295602306,-3.302429775380279,0,-0.84169892956022,0.01980788786948077
2.66,3.4463417253478497,-3.3300803424761902,0.25649967720369604,-0.8487462380882791,-3.3300803424762186,0,-0.8487462380882853,-3.3300803424761902,0.25649967720369604,-0.8487462380882791,-3.3300803424762186,0,-0.8487462380882853,0.019973809848279435
2.68,3.4751526130041954,-3.3579194451342858,0.2586421029289736,-0.8558415972609206,-3.3579194451343106,0,-0.855841597260941,-3.3579194451342858,0.2586421029289736,-0.8558415972609206,-3.3579194451343106,0,-0.855841597260941,0.020140864884151174
2.7,3.5041586141752727,-3.385947083354436,0.26079899571924114,-0.8629850070781337,-3.3859470833544485,0,-0.8629850070781409,-3.385947083354436,0.26079899571924114,-0.8629850070781337,-3.3859470833544485,0,-0.8629850070781409,0.020309052977095968
2.72,3.5333597288611522,-3.414163257136641,0.2629703555746157,-0.8701764675398715,-3.414163257136604,0,-0.8701764675398742,-3.414163257136641,0.2629703555746157,-0.8701764675398715,-3.414163257136604,0,-0.8701764675398742,0.020478374127113834
2.74,3.562755957061931,-3.442567966480926,0.2651561824949433,-0.8774159786461748,-3.4425679664809685,0,-0.8774159786461766,-3.442567966480926,0.2651561824949433,-0.8774159786461748,-3.4425679664809685,0,-0.8774159786461766,0.020648828334204766
2.76,3.592476267957701,-3.4712857999276387,0.26736646869814007,-0.8847353083003746,-3.471285799927667,0,-0.8847353083003746,-3.4712857999276387,0.26736646869814007,-0.8847353083003746,-3.471285799927667,0,-0.8847353083003746,0.0208211468652293
2.78,3.6228037487585047,-3.500590229188246,0.2696231470913377,-0.892204187015996,-3.500590229188205,0,-0.8922041870160058,-3.500590229188246,0.2696231470913377,-0.892204187015996,-3.500590229188205,0,-0.8922041870160058,0.02099693485015603
2.8,3.6533635956467982,-3.53011918124281,0.271897178788278,-0.8997302924922419,-3.530119181242835,0,-0.8997302924922543,-3.53011918124281,0.271897178788278,-0.8997302924922419,-3.530119181242835,0,-0.8997302924922543,0.02117406711760292
2.82,3.6841558086226462,-3.5598726560914375,0.2741885637888122,-0.9073136247290972,-3.5598726560914358,0,-0.907313624729106,-3.5598726560914375,0.2741885637888122,-0.9073136247290972,-3.5598726560914358,0,-0.907313624729106,0.021352543667569973
2.84,3.715180387686092,-3.589850653734178,0.2764973020930621,-0.9149541837265653,-3.5898506537342207,0,-0.9149541837265787,-3.589850653734178,0.2764973020930621,-0.9149541837265653,-3.5898506537342207,0,-0.9149541837265787,0.021532364500057192
2.86,3.7464373328370124,-3.620053174170918,0.27882339370094344,-0.9226519694846704,-3.620053174170934,0,-0.9226519694846722,-3.620053174170918,0.27882339370094344,-0.9226519694846704,-3.620053174170934,0,-0.9226519694846722,0.021713529615064567
2.88,3.7779266440754116,-3.65048021740167,0.281166838612555,-0.9304069820034009,-3.6504802174016646,0,-0.9304069820034115,-3.65048021740167,0.281166838612555,-0.9304069820034009,-3.6504802174016646,0,-0.9304069820034115,0.021896039012592104
2.9,3.8096483214014505,-3.6811317834266166,0.2835276368277815,-0.9382192212827389,-3.681131783426647,0,-0.9382192212827185,-3.6811317834266166,0.2835276368277815,-0.9382192212827389,-3.681131783426647,0,-0.9382192212827185,0.022079892692639803
2.92,3.8416023648148547,-3.7120078722454757,0.28590578834670266,-0.9460886873226722,-3.7120078722454615,0,-0.9460886873226855,-3.7120078722454757,0.28590578834670266,-0.9460886873226722,-3.7120078722454615,0,-0.9460886873226855,0.022265090655207667
2.94,3.87378877431585,-3.7431084838584567,0.2883012931692641,-0.9540153801232991,-3.7431084838584177,0,-0.954015380123316,-3.7431084838584567,0.2883012931692641,-0.9540153801232991,-3.7431084838584177,0,-0.954015380123316,0.02245163290029569
2.96,3.9062075499042956,-3.774433618265425,0.2907141512955982,-0.9619992996845257,-3.7744336182654195,0,-0.961999299684539,-3.774433618265425,0.2907141512955982,-0.9619992996845257,-3.7744336182654195,0,-0.961999299684539,0.022639519427903876
2.98,3.9388586915802835,-3.805983275466472,0.293144362725523,-0.9700404460063901,-3.8059832754664313,0,-0.9700404460063652,-3.805983275466472,0.293144362725523,-0.9700404460063901,-3.8059832754664313,0,-0.9700404460063652,0.02282875023803222
3.0,3.9717421993437827,-3.837757455461553,0.2955919274591863,-0.9781388190888576,-3.8377574554615563,0,-0.978138819088862,-3.837757455461553,0.2955919274591863,-0.9781388190888576,-3.8377574554615563,0,-0.978138819088862,0.02301932533068073
3.02,4.004858073194843,-3.8697561582507163,0.2980568454965147,-0.9862944189319149,-3.8697561582506736,0,-0.9862944189319407,-3.8697561582507163,0.2980568454965147,-0.9862944189319149,-3.8697561582506736,0,-0.9862944189319407,0.023211244705849395
3.04,4.038206313133388,-3.9019793838338455,0.3005391168375129,-0.9945072455356341,-3.9019793838338614,0,-0.9945072455356438,-3.9019793838338455,0.3005391168375129,-0.9945072455356341,-3.9019793838338614,0,-0.9945072455356438,0.023404508363538225
3.06,4.071786919159597,-3.9344271322111215,0.30303874148212984,-1.002777298899983,-3.9344271322111304,0,-1.0027772988999821,-3.9344271322111215,0.30303874148212984,-1.002777298899983,-3.9344271322111304,0,-1.0027772988999821,0.02359911630374722
3.08,4.10559989127341,-3.9670994033824662,0.3055557194304648,-1.011104579024913,-3.967099403382459,0,-1.0111045790249094,-3.9670994033824662,0.3055557194304648,-1.011104579024913,-3.967099403382459,0,-1.0111045790249094,0.023795068526476372
3.1,4.13964522947478,-3.9999961973477944,0.30809005068249795,-1.0194890859104735,-3.999996197347773,0,-1.0194890859104753,-3.9999961973477944,0.30809005068249795,-1.0194890859104735,-3.999996197347773,0,-1.0194890859104753,0.023992365031725686
3.12,4.173922933763764,-4.033117514107143,0.31064173523811256,-1.0279308195566825,-4.033117514107172,0,-1.027930819556687,-4.033117514107143,0.31064173523811256,-1.0279308195566825,-4.033117514107172,0,-1.027930819556687,0.02419100581949516
3.14,4.208433004140512,-4.066463353660641,0.31321077309749445,-1.0364297799634885,-4.066463353660662,0,-1.0364297799634876,-4.066463353660641,0.31321077309749445,-1.0364297799634885,-4.066463353660662,0,-1.0364297799634876,0.024390990889784803
3.16,4.2431754406048725,-4.100033716008097,0.3157971642605024,-1.0449859671309412,-4.100033716008099,0,-1.044985967130959,-4.100033716008097,0.3157971642605024,-1.0449859671309412,-4.100033716008099,0,-1.044985967130959,0.0245923202425946
3.18,4.278150243157022,-4.133828601149656,0.3184009087272388,-1.0535993810590316,-4.133828601149624,0,-1.0535993810590192,-4.133828601149656,0.3184009087272388,-1.0535993810590316,-4.133828601149624,0,-1.0535993810590192,0.024794993877924564
3.2,4.313357411796892,-4.167848009085237,0.3210220064975635,-1.062270021747712,-4.167848009085269,0,-1.0622700217477252,-4.167848009085237,0.3210220064975635,-1.062270021747712,-4.167848009085269,0,-1.0622700217477252,0.02499901179577469
3.22,4.348796946524571,-4.2020919398148795,0.32366045757161155,-1.0709978891970007,-4.202091939814899,0,-1.0709978891969953,-4.2020919398148795,0.32366045757161155,-1.0709978891970007,-4.202091939814899,0,-1.0709978891969953,0.02520437399614497
3.24,4.384468847340102,-4.236560393338571,0.32631626194938956,-1.0797829834069717,-4.236560393338571,0,-1.0797829834069788,-4.236560393338571,0.32631626194938956,-1.0797829834069717,-4.236560393338571,0,-1.0797829834069788,0.025411080479035418
3.26,4.420373114243503,-4.27125336965633,0.328989419630737,-1.0886253043775236,-4.271253369656286,0,-1.0886253043774907,-4.27125336965633,0.328989419630737,-1.0886253043775236,-4.271253369656286,0,-1.0886253043774907,0.02561913124444603
3.28,4.456509747234756,-4.306170868768071,0.3316799306158289,-1.097524852108708,-4.306170868768071,0,-1.0975248521087266,-4.306170868768071,0.3316799306158289,-1.097524852108708,-4.306170868768071,0,-1.0975248521087266,0.025828526292376797
3.3,4.49287874631405,-4.341312890673937,0.3343877949045677,-1.1064816266005808,-4.34131289067394,0,-1.1064816266005622,-4.341312890673937,0.3343877949045677,-1.1064816266005808,-4.34131289067394,0,-1.1064816266005622,0.026039265622827726
3.32,4.529505362586633,-4.376703852369239,0.33711465822116415,-1.115501843043794,-4.376703852369225,0,-1.1155018430437948,-4.376703852369239,0.33711465822116415,-1.115501843043794,-4.376703852369225,0,-1.1155018430437948,0.026251505198604037
3.34,4.566378425377817,-4.412332952175932,0.33985979252414444,-1.124582751940002,-4.412332952175923,0,-1.1245827519400038,-4.412332952175932,0.33985979252414444,-1.124582751940002,-4.412332952175923,0,-1.1245827519400038,0.026465176024320154
3.36,4.603487865270317,-4.448190453295851,0.3426225415460269,-1.1337218748492734,-4.448190453295844,0,-1.1337218748492646,-4.448190453295851,0.3426225415460269,-1.1337218748492734,-4.448190453295844,0,-1.1337218748492646,0.026680215906477935
3.38,4.64083381939702,-4.4842764883320445,0.34540291422424985,-1.142919245524797,-4.484276488332057,0,-1.1429192455247872,-4.4842764883320445,0.34540291422424985,-1.142919245524797,-4.484276488332057,0,-1.1429192455247872,0.026896625692075404
3.4,4.678416424890903,-4.520591189887623,0.34820091949638066,-1.1521748977198394,-4.520591189887583,0,-1.1521748977198456,-4.520591189887623,0.34820091949638066,-1.1521748977198394,-4.520591189887583,0,-1.1521748977198456,0.027114406228110545
3.42,4.71623581888487,-4.557134690565629,0.3510165662999676,-1.1614888651876445,-4.5571346905656185,0,-1.1614888651876782,-4.557134690565629,0.3510165662999676,-1.1614888651876445,-4.5571346905656185,0,-1.1614888651876782,0.02733355836158137
3.44,4.75429213851182,-4.593907122969073,0.35384986357260906,-1.1708611816815626,-4.593907122969057,0,-1.1708611816815235,-4.593907122969073,0.35384986357260906,-1.1708611816815626,-4.593907122969057,0,-1.1708611816815235,0.02755408293948588
3.46,4.792585520904608,-4.630908619700959,0.35670082025179073,-1.1802918809548153,-4.630908619700968,0,-1.180291880954833,-4.630908619700959,0.35670082025179073,-1.1802918809548153,-4.630908619700968,0,-1.180291880954833,0.02777598080882207
3.48,4.831116103196375,-4.668139313364588,0.3595694452750924,-1.1897809967606054,-4.668139313364549,0,-1.189780996760632,-4.668139313364588,0.3595694452750924,-1.1897809967606054,-4.668139313364549,0,-1.189780996760632,0.027999252816587956
3.5,4.86988402251991,-4.705599336562852,0.36245574758007426,-1.1993285628523216,-4.705599336562898,0,-1.1993285628523367,-4.705599336562852,0.36245574758007426,-1.1993285628523216,-4.705599336562898,0,-1.1993285628523367,0.02822389980978153
3.52,4.908889416008185,-4.74328882189889,0.36535973610421735,-1.2089346129831453,-4.743288821898879,0,-1.2089346129831284,-4.74328882189889,0.36535973610421735,-1.2089346129831453,-4.743288821898879,0,-1.2089346129831284,0.028449922635400793
3.54,4.948132420794064,-4.781207901975687,0.36828141978520246,-1.2185991809063879,-4.781207901975705,0,-1.2185991809063381,-4.781207901975687,0.36828141978520246,-1.2185991809063879,-4.781207901975705,0,-1.2185991809063381,0.02867732214044376
3.56,4.987613174010567,-4.819356709396423,0.3712208075605208,-1.2283223003752752,-4.819356709396409,0,-1.2283223003752681,-4.819356709396423,0.3712208075605208,-1.2283223003752752,-4.819356709396409,0,-1.2283223003752681,0.028906099171908416
3.58,5.027331812790494,-4.85773537676404,0.37417790836758713,-1.2381040051431036,-4.85773537676404,0,-1.2381040051430716,-4.85773537676404,0.37417790836758713,-1.2381040051431036,-4.85773537676404,0,-1.2381040051430716,0.029136254576792787
3.6,5.067288474266903,-4.896344036681747,0.3771527311440668,-1.2479443289630954,-4.896344036681754,0,-1.2479443289631362,-4.896344036681747,0.3771527311440668,-1.2479443289630954,-4.896344036681754,0,-1.2479443289631362,0.029367789202094863
3.62,5.107483295572617,-4.935182821752488,0.38014528482753684,-1.2578433055885991,-4.9351828217525195,0,-1.2578433055885867,-4.935182821752488,0.38014528482753684,-1.2578433055885991,-4.9351828217525195,0,-1.2578433055885867,0.029600703894812636
3.64,5.147916413840576,-4.974251864579397,0.38315557835541925,-1.2678009687727396,-4.974251864579408,0,-1.2678009687727254,-4.974251864579397,0.38315557835541925,-1.2678009687727396,-4.974251864579408,0,-1.2678009687727254,0.02983499950194412
3.66,5.1885879662037535,-5.013551297765513,0.3861836206655358,-1.2778173522690164,-5.013551297765531,0,-1.2778173522689968,-5.013551297765513,0.3861836206655358,-1.2778173522690164,-5.013551297765531,0,-1.2778173522689968,0.03007067687048732
3.68,5.229498089795025,-5.053081253913945,0.38922942069508726,-1.2878924898304867,-5.0530812539139305,0,-1.2878924898304973,-5.053081253913945,0.38922942069508726,-1.2878924898304867,-5.0530812539139305,0,-1.2878924898304973,0.03030773684744024
3.7,5.2706469217473755,-5.092841865627786,0.39229298738179286,-1.2980264152105185,-5.0928418656277685,0,-1.2980264152105079,-5.092841865627786,0.39229298738179286,-1.2980264152105185,-5.0928418656277685,0,-1.2980264152105079,0.03054618027980087
3.72,5.31203459919357,-5.132833265509976,0.39537432966319774,-1.3082191621622883,-5.13283326550993,0,-1.3082191621622883,-5.132833265509976,0.39537432966319774,-1.3082191621622883,-5.13283326550993,0,-1.3082191621622883,0.030786008014567226
3.74,5.353661259266702,-5.17305558616372,0.39847345647692967,-1.3184707644391978,-5.1730555861636915,0,-1.3184707644391764,-5.17305558616372,0.39847345647692967,-1.3184707644391978,-5.1730555861636915,0,-1.3184707644391764,0.0310272208987373
3.76,5.395527039099376,-5.213508960191795,0.4015903767603908,-1.3287812557944516,-5.213508960191767,0,-1.3287812557944463,-5.213508960191795,0.4015903767603908,-1.3287812557944516,-5.213508960191767,0,-1.3287812557944463,0.0312698197793091
3.78,5.437632075824908,-5.254193520197713,0.4047250994511342,-1.3391506699812066,-5.2541935201976955,0,-1.3391506699812084,-5.254193520197713,0.4047250994511342,-1.3391506699812066,-5.2541935201976955,0,-1.3391506699812084,0.03151380550328063
3.8,5.479976506576092,-5.295109398784355,0.4078776334868619,-1.3495790407529178,-5.2951093987843265,0,-1.3495790407529142,-5.295109398784355,0.4078776334868619,-1.3495790407529178,-5.2951093987843265,0,-1.3495790407529142,0.03175917891764989
3.82,5.522560468485633,-5.336256728554623,0.4110479878049189,-1.3600664018627207,-5.336256728554574,0,-1.3600664018627242,-5.336256728554623,0.4110479878049189,-1.3600664018627207,-5.336256728554574,0,-1.3600664018627242,0.03200594086941489
3.84,5.56538409868662,-5.377635642111741,0.41423617134291546,-1.370612787063977,-5.377635642111734,0,-1.3706127870639833,-5.377635642111741,0.41423617134291546,-1.370612787063977,-5.377635642111734,0,-1.3706127870639833,0.03225409220557361
3.86,5.608447534311964,-5.419246272058796,0.4174421930385206,-1.3812182301098321,-5.419246272058771,0,-1.3812182301098304,-5.419246272058796,0.4174421930385206,-1.3812182301098321,-5.419246272058771,0,-1.3812182301098304,0.03250363377312408
3.88,5.651750912494469,-5.461088750998712,0.4206660618292488,-1.3918827647536958,-5.461088750998719,0,-1.3918827647536673,-5.461088750998712,0.4206660618292488,-1.3918827647536958,-5.461088750998719,0,-1.3918827647536673,0.03275456641906429
3.9,5.69529437036725,-5.503163211534801,0.4239077866525307,-1.4026064247487335,-5.503163211534805,0,-1.4026064247487326,-5.503163211534801,0.4239077866525307,-1.4026064247487335,-5.503163211534805,0,-1.4026064247487326,0.03300689099039225
3.92,5.739078045062993,-5.545469786269887,0.42716737644597913,-1.4133892438482452,-5.545469786269869,0,-1.4133892438482647,-5.545469786269887,0.42716737644597913,-1.4133892438482452,-5.545469786269869,0,-1.4133892438482647,0.033260608334105955
3.94,5.7831020737147565,-5.5880086078072,0.4304448401471783,-1.424231255805453,-5.588008607807218,0,-1.4242312558054238,-5.5880086078072,0.4304448401471783,-1.424231255805453,-5.588008607807218,0,-1.4242312558054238,0.0335157192972034
3.96,5.8273665934553165,-5.630779808749651,0.4337401866936712,-1.4351324943737058,-5.630779808749637,0,-1.4351324943736898,-5.630779808749651,0.4337401866936712,-1.4351324943737058,-5.630779808749637,0,-1.4351324943736898,0.0337722247266826
3.98,5.871871741417581,-5.6737835217003365,0.4370534250228377,-1.4460929933061886,-5.673783521700301,0,-1.4460929933061664,-5.6737835217003365,0.4370534250228377,-1.4460929933061886,-5.673783521700301,0,-1.4460929933061664,0.03403012546954156
4.0,5.9166176547347025,-5.7170198792625335,0.4403845640725159,-1.4571127863562623,-5.717019879262573,0,-1.4571127863562907,-5.7170198792625335,0.4403845640725159,-1.4571127863562623,-5.717019879262573,0,-1.4571127863562907,0.034289422372778273
4.02,5.961604470539417,-5.760489014039155,0.443733612780006,-1.4681919072771468,-5.760489014039159,0,-1.468191907277152,-5.760489014039155,0.443733612780006,-1.4681919072771468,-5.760489014039159,0,-1.468191907277152,0.034550116283390754
4.04,6.00680819966059,-5.804167744250449,0.44709881042380273,-1.4793244485228936,-5.804167744250428,0,-1.4793244485229096,-5.804167744250449,0.44709881042380273,-1.4793244485228936,-5.804167744250428,0,-1.4793244485229096,0.03481206715131699
4.06,6.051408232637076,-5.847263076446623,0.4504199643546194,-1.4903083283021044,-5.847263076446659,0,-1.4903083283021203,-5.847263076446623,0.4504199643546194,-1.4903083283021044,-5.847263076446659,0,-1.4903083283021203,0.03507048268234796
4.08,6.096176204695322,-5.890520678139886,0.4537536727297977,-1.5013335680675022,-5.890520678139879,0,-1.5013335680675013,-5.890520678139886,0.4537536727297977,-1.5013335680675022,-5.890520678139879,0,-1.5013335680675013,0.035329869254577394
4.1,6.141110135960021,-5.9339386361685875,0.45709978920469463,-1.5123996802419057,-5.93393863616857,0,-1.5123996802419057,-5.9339386361685875,0.45709978920469463,-1.5123996802419057,-5.93393863616857,0,-1.5123996802419057,0.03559021535172502
4.12,6.186208046556441,-5.977515037371646,0.46045816743493573,-1.5235061772481409,-5.97751503737166,0,-1.5235061772481586,-5.977515037371646,0.46045816743493573,-1.5235061772481409,-5.97751503737166,0,-1.5235061772481586,0.035851509457510485
4.14,6.2314679566091895,-6.02124796858736,0.46382866107587706,-1.534652571508861,-6.021247968587367,0,-1.5346525715088717,-6.02124796858736,0.46382866107587706,-1.534652571508861,-6.021247968587367,0,-1.5346525715088717,0.036113740055653494
4.16,6.276887886243184,-6.065135516654294,0.46721112378297724,-1.5458383754469214,-6.065135516654323,0,-1.5458383754469338,-6.065135516654294,0.46721112378297724,-1.5458383754469214,-6.065135516654323,0,-1.5458383754469338,0.03637689562987374
4.18,6.322465855583469,-6.1091757684111485,0.4706054092117693,-1.5570631014850935,-6.109175768411177,0,-1.5570631014850989,-6.1091757684111485,0.4706054092117693,-1.5570631014850935,-6.109175768411177,0,-1.5570631014850989,0.03664096466389089
4.2,6.3681998847549455,-6.153366810696511,0.4740113710175933,-1.5683262620460745,-6.153366810696539,0,-1.568326262046078,-6.153366810696511,0.4740113710175933,-1.5683262620460745,-6.153366810696539,0,-1.568326262046078,0.036905935641424664
4.22,6.414087993882313,-6.197706730348724,0.47742886285604524,-1.5796273695526306,-6.19770673034872,0,-1.5796273695526182,-6.197706730348724,0.47742886285604524,-1.5796273695526306,-6.19770673034872,0,-1.5796273695526182,0.037171797046194714
4.24,6.460128203090671,-6.24219361420656,0.4808577383824111,-1.5909659364275353,-6.242193614206556,0,-1.5909659364275441,-6.24219361420656,0.4808577383824111,-1.5909659364275353,-6.242193614206556,0,-1.5909659364275441,0.037438537361920765
4.26,6.506318532504903,-6.286825549108535,0.48429785125238967,-1.6023414750935547,-6.286825549108613,0,-1.6023414750935459,-6.286825549108535,0.48429785125238967,-1.6023414750935547,-6.286825549108613,0,-1.6023414750935459,0.037706145072322464
4.28,6.552657002249834,-6.3316006218931555,0.48774905512131017,-1.6137534979733807,-6.331600621893159,0,-1.6137534979734056,-6.3316006218931555,0.48774905512131017,-1.6137534979733807,-6.331600621893159,0,-1.6137534979734056,0.03797460866111953
4.3,6.5991416324505385,-6.3765169193991085,0.491211203644613,-1.6252015174899483,-6.376516919399094,0,-1.6252015174899483,-6.3765169193991085,0.491211203644613,-1.6252015174899483,-6.376516919399094,0,-1.6252015174899483,0.03824391661203163
4.32,6.645770443231757,-6.421572528464829,0.4946841504777333,-1.6366850460658284,-6.421572528464878,0,-1.6366850460658497,-6.421572528464829,0.4946841504777333,-1.6366850460658284,-6.421572528464878,0,-1.6366850460658497,0.03851405740877847
4.34,6.692541454718521,-6.4667655359289675,0.4981677492761323,-1.6482035961238957,-6.466765535929021,0,-1.648203596123878,-6.4667655359289675,0.4981677492761323,-1.6482035961238957,-6.466765535929021,0,-1.648203596123878,0.03878501953507972
4.36,6.7394526870357545,-6.512094028630116,0.5016618536953912,-1.6597566800868009,-6.512094028630109,0,-1.6597566800868293,-6.512094028630116,0.5016618536953912,-1.6597566800868009,-6.512094028630109,0,-1.6597566800868293,0.0390567914746551
4.38,6.786502160308248,-6.55755609340666,0.5051663173908358,-1.6713438103775147,-6.55755609340666,0,-1.6713438103775005,-6.55755609340666,0.5051663173908358,-1.6713438103775147,-6.55755609340666,0,-1.6713438103775005,0.03932936171122426
4.4,6.833687894661118,-6.603149817097403,0.5086809940181327,-1.6829644994185529,-6.603149817097375,0,-1.6829644994185742,-6.603149817097403,0.5086809940181327,-1.6829644994185529,-6.603149817097375,0,-1.6829644994185742,0.0396027187285069
4.42,6.881007910219215,-6.648873286540798,0.5122057372325797,-1.6946182596328807,-6.648873286540727,0,-1.694618259632854,-6.648873286540798,0.5122057372325797,-1.6946182596328807,-6.648873286540727,0,-1.694618259632854,0.039876851010222716
4.44,6.928460227107347,-6.694724588575323,0.5157404006895336,-1.706304603443149,-6.694724588575262,0,-1.7063046034431792,-6.694724588575323,0.5157404006895336,-1.706304603443149,-6.694724588575262,0,-1.7063046034431792,0.040151747040091404
4.46,6.976042865450593,-6.740701810039695,0.5192848380446171,-1.7180230432720265,-6.7407018100397025,0,-1.7180230432720194,-6.740701810039695,0.5192848380446171,-1.7180230432720265,-6.7407018100397025,0,-1.7180230432720194,0.040427395301832605
4.48,7.023753845373977,-6.786803037772536,0.5228389029532958,-1.7297730915424658,-6.786803037772444,0,-1.7297730915424623,-6.786803037772536,0.5228389029532958,-1.7297730915424658,-6.786803037772444,0,-1.7297730915424623,0.04070378427916606
4.5,7.07159118700215,-6.833026358612134,0.5264024490708787,-1.7415542606771837,-6.833026358612138,0,-1.7415542606771766,-6.833026358612134,0.5264024490708787,-1.7415542606771837,-6.833026358612138,0,-1.7415542606771766,0.04098090245581144
4.52,7.1195529104601825,-6.879369859397194,0.5299753300531078,-1.753366063098829,-6.879369859397201,0,-1.7533660630988024,-6.879369859397194,0.5299753300531078,-1.753366063098829,-6.879369859397201,0,-1.7533660630988024,0.04125873831548842
4.54,7.167637035873195,-6.925831626966474,0.5335573995550735,-1.7652080112302588,-6.925831626966421,0,-1.765208011230193,-6.925831626966474,0.5335573995550735,-1.7652080112302588,-6.925831626966421,0,-1.765208011230193,0.04153728034191671
4.56,7.215841583365959,-6.9724097481583485,0.5371485112324748,-1.7770796174942056,-6.972409748158277,0,-1.7770796174942234,-6.9724097481583485,0.5371485112324748,-1.7770796174942056,-6.972409748158277,0,-1.7770796174942234,0.04181651701881598
4.58,7.264164573063288,-7.019102309811231,0.5407485187408043,-1.7889803943134766,-7.019102309811224,0,-1.7889803943134766,-7.019102309811231,0.5407485187408043,-1.7889803943134766,-7.019102309811224,0,-1.7889803943134766,0.04209643682990592
4.6,7.312604025090463,-7.065907398764061,0.5443572757354231,-1.8009098541107438,-7.065907398764054,0,-1.8009098541107704,-7.065907398764061,0.5443572757354231,-1.8009098541107438,-7.065907398764054,0,-1.8009098541107704,0.04237702825890622
4.62,7.3611579595721945,-7.1128231018551205,0.547974635871832,-1.8128675093088766,-7.1128231018551205,0,-1.8128675093088447,-7.1128231018551205,0.547974635871832,-1.8128675093088766,-7.1128231018551205,0,-1.8128675093088447,0.04265827978953657
4.64,7.409824396633493,-7.159847505923086,0.5516004528054124,-1.8248528723304673,-7.159847505923018,0,-1.8248528723304815,-7.159847505923086,0.5516004528054124,-1.8248528723304673,-7.159847505923018,0,-1.8248528723304815,0.04294017990551665
4.66,7.458601356399315,-7.206978697806438,0.5552345801918546,-1.8368654555985309,-7.206978697806427,0,-1.8368654555984847,-7.206978697806438,0.5552345801918546,-1.8368654555985309,-7.206978697806427,0,-1.8368654555984847,0.04322271709056616
4.68,7.507486858994636,-7.254214764343846,0.5588768716863108,-1.8489047715355689,-7.254214764343892,0,-1.8489047715355582,-7.254214764343846,0.5588768716863108,-1.8489047715355689,-7.254214764343892,0,-1.8489047715355582,0.04350587982840477
4.7,7.556478924544573,-7.301553792373994,0.5625271809442651,-1.8609703325644986,-7.301553792374001,0,-1.8609703325644489,-7.301553792373994,0.5625271809442651,-1.8609703325644986,-7.301553792374001,0,-1.8609703325644489,0.0437896566027522
4.72,7.60557557317378,-7.348993868735096,0.5661853616215291,-1.8730616511081042,-7.348993868735128,0,-1.8730616511081166,-7.348993868735096,0.5661853616215291,-1.8730616511081042,-7.348993868735128,0,-1.8730616511081166,0.044074035897328105
4.74,7.654774825007516,-7.396533080266089,0.5698512673731777,-1.885178239588969,-7.396533080266117,0,-1.8851782395890169,-7.396533080266089,0.5698512673731777,-1.885178239588969,-7.396533080266117,0,-1.8851782395890169,0.0443590061958522
4.76,7.704074700170601,-7.444169513805335,0.5735247518548579,-1.8973196104299745,-7.444169513805377,0,-1.8973196104300172,-7.444169513805335,0.5735247518548579,-1.8973196104299745,-7.444169513805377,0,-1.8973196104300172,0.04464455598204413
4.78,7.752913540111705,-7.491360525599685,0.5771631277100755,-1.909347427275998,-7.49136052559971,0,-1.9093474272760105,-7.491360525599685,0.5771631277100755,-1.909347427275998,-7.49136052559971,0,-1.9093474272760105,0.044927466503876044
4.8,7.800754218920851,-7.537587173978686,0.5807255723012856,-1.9211293961585074,-7.537587173978736,0,-1.9211293961584985,-7.537587173978686,0.5807255723012856,-1.9211293961585074,-7.537587173978736,0,-1.9211293961584985,0.045204659593498044
4.82,7.848558531670076,-7.583778691847268,0.5842851955345072,-1.932902407131433,-7.583778691847215,0,-1.932902407131408,-7.583778691847268,0.5842851955345072,-1.932902407131433,-7.583778691847215,0,-1.932902407131408,0.04548164664196275
4.84,7.896321052435452,-7.629929836662097,0.5878415891326765,-1.9446651238565273,-7.629929836662107,0,-1.9446651238565167,-7.629929836662097,0.5878415891326765,-1.9446651238565273,-7.629929836662107,0,-1.9446651238565167,0.045758396385428335
4.86,7.944036355294015,-7.676035365880878,0.5913943448179415,-1.9564162099956004,-7.676035365880935,0,-1.956416209995652,-7.676035365880878,0.5913943448179415,-1.9564162099956004,-7.676035365880935,0,-1.956416209995652,0.04603487756005309
4.88,7.991699014322119,-7.722090036960726,0.594943054312639,-1.9681543292099644,-7.722090036960729,0,-1.9681543292099875,-7.722090036960726,0.594943054312639,-1.9681543292099644,-7.722090036960729,0,-1.9681543292099875,0.046311058901995245
4.9,8.039303603596778,-7.768088607359349,0.5984873093390211,-1.9798781451612353,-7.768088607359331,0,-1.9798781451612442,-7.768088607359349,0.5984873093390211,-1.9798781451612353,-7.768088607359331,0,-1.9798781451612442,0.046586909147413084
4.92,8.086844697194227,-7.814025834533641,0.6020267016193834,-1.9915863215110488,-7.814025834533574,0,-1.9915863215110434,-7.814025834533641,0.6020267016193834,-1.9915863215110488,-7.814025834533574,0,-1.9915863215110434,0.04686239703246483
4.94,8.134316869191125,-7.859896475940925,0.6055608228762526,-2.003277521920971,-7.8598964759409355,0,-2.003277521921021,-7.859896475940925,0.6055608228762526,-2.003277521920971,-7.8598964759409355,0,-2.003277521921021,0.04713749129330875
4.96,8.181714693664395,-7.9056952890388,0.6090892648320216,-2.0149504100525526,-7.905695289038739,0,-2.014950410052599,-7.9056952890388,0.6090892648320216,-2.0149504100525526,-7.905695289038739,0,-2.014950410052599,0.047412160666103056
4.98,8.22903274469039,-7.951417031284258,0.6126116192087481,-2.026603649567484,-7.951417031284258,0,-2.02660364956742,-7.951417031284258,0.6126116192087481,-2.026603649567484,-7.951417031284258,0,-2.02660364956742,0.04768637388700605
5.0,8.276265596346052,-7.997056460134935,0.6161274777290089,-2.0382359041271307,-7.997056460134942,0,-2.038235904127106,-7.997056460134935,0.6161274777290089,-2.0382359041271307,-7.997056460134942,0,-2.038235904127106,0.04796009969217594
5.02,8.323407822707765,-8.042608333047795,0.6196364321153172,-2.049845837393203,-8.04260833304783,0,-2.0498458373932067,-8.042608333047795,0.6196364321153172,-2.049845837393203,-8.04260833304783,0,-2.0498458373932067,0.048233306817771014
5.04,8.370453997852453,-8.088067407480416,0.6231380740895784,-2.0614321130273083,-8.088067407480487,0,-2.061432113027351,-8.088067407480416,0.6231380740895784,-2.0614321130273083,-8.088067407480487,0,-2.061432113027351,0.04850596399994949
5.06,8.417398695856786,-8.133428440890054,0.626631995374483,-2.0729933946910517,-8.133428440889993,0,-2.0729933946910393,-8.133428440890054,0.626631995374483,-2.0729933946910517,-8.133428440889993,0,-2.0729933946910393,0.04877803997486964
5.08,8.464236490797354,-8.17868619073397,0.6301177876920576,-2.0845283460458166,-8.178686190733977,0,-2.0845283460457793,-8.17868619073397,0.6301177876920576,-2.0845283460458166,-8.178686190733977,0,-2.0845283460457793,0.0490495034786897
5.1,8.51096195675084,-8.223835414469349,0.6335950427651635,-2.096035630753322,-8.223835414469292,0,-2.0960356307533416,-8.223835414469349,0.6335950427651635,-2.096035630753322,-8.223835414469292,0,-2.0960356307533416,0.049320323247567924
5.12,8.55756966779412,-8.268870869553691,0.6370633523155846,-2.107513912475172,-8.268870869553723,0,-2.10751391247517,-8.268870869553691,0.6370633523155846,-2.107513912475172,-8.268870869553723,0,-2.10751391247517,0.04959046801766256
5.14,8.604054198004082,-8.313787313444472,0.6405223080659153,-2.118961854872781,-8.313787313444394,0,-2.1189618548728006,-8.313787313444472,0.6405223080659153,-2.118961854872781,-8.313787313444394,0,-2.1189618548728006,0.04985990652513186
5.16,8.65041012145709,-8.358579503598541,0.6439715017385712,-2.1303781216078796,-8.358579503598662,0,-2.1303781216079045,-8.358579503598541,0.6439715017385712,-2.1303781216078796,-8.358579503598662,0,-2.1303781216079045,0.0501286075061341
5.18,8.696632012230204,-8.403242197473496,0.6474105250558777,-2.1417613763420498,-8.403242197473574,0,-2.1417613763420746,-8.403242197473496,0.6474105250558777,-2.1417613763420498,-8.403242197473574,0,-2.1417613763420746,0.05039653969682748
5.2,8.742714444400399,-8.447770152526811,0.650838969740144,-2.153110282736952,-8.447770152526857,0,-2.153110282736968,-8.447770152526811,0.650838969740144,-2.153110282736952,-8.447770152526857,0,-2.153110282736968,0.050663671833370304
5.22,8.78865199204401,-8.49215812621539,0.6542564275136145,-2.1644235044538647,-8.492158126215344,0,-2.1644235044538576,-8.49215812621539,0.6542564275136145,-2.1644235044538647,-8.492158126215344,0,-2.1644235044538576,0.05092997265192075
5.24,8.834439229238285,-8.536400875996886,0.6576624900987307,-2.17569970515466,-8.536400875996847,0,-2.1756997051546065,-8.536400875996886,0.6576624900987307,-2.17569970515466,-8.536400875996847,0,-2.1756997051546065,0.05119541088863716
5.26,8.88007073005969,-8.58049315932826,0.6610567492178738,-2.186937548500728,-8.580493159328299,0,-2.1869375485007225,-8.58049315932826,0.6610567492178738,-2.186937548500728,-8.580493159328299,0,-2.1869375485007225,0.05145995527967773
5.28,8.925541068585508,-8.624429733667249,0.6644387965934353,-2.198135698153612,-8.624429733667284,0,-2.198135698153628,-8.624429733667249,0.6644387965934353,-2.198135698153612,-8.624429733667284,0,-2.198135698153628,0.05172357456120072
5.3,8.970844818892523,-8.66820535647102,0.6678082239475605,-2.20929281777509,-8.668205356471034,0,-2.2092928177750792,-8.66820535647102,0.6678082239475605,-2.20929281777509,-8.668205356471034,0,-2.2092928177750792,0.05198623746936436
5.32,9.015976555057408,-8.711814785196673,0.6711646230026753,-2.2204075710265982,-8.71181478519675,0,-2.2204075710265982,-8.711814785196673,0.6711646230026753,-2.2204075710265982,-8.71181478519675,0,-2.2204075710265982,0.052247912740326946
5.34,9.06093085115737,-8.755252777301742,0.6745075854811913,-2.231478621569881,-8.755252777301735,0,-2.2314786215699343,-8.755252777301742,0.6745075854811913,-2.231478621569881,-8.755252777301735,0,-2.2314786215699343,0.05250856911024668
5.36,9.105702281269108,-8.798514090243327,0.6778367031054349,-2.2425046330663374,-8.798514090243373,0,-2.2425046330663037,-8.798514090243327,0.6778367031054349,-2.2425046330663374,-8.798514090243373,0,-2.2425046330663037,0.05276817531528184
5.38,9.150285419470041,-8.84159348147919,0.6811515675977642,-2.253484269177534,-8.841593481479237,0,-2.2534842691774912,-8.84159348147919,0.6811515675977642,-2.253484269177534,-8.841593481479237,0,-2.2534842691774912,0.05302670009159066
5.4,9.194674839836505,-8.88448570846597,0.6844517706804067,-2.264416193565042,-8.88448570846596,0,-2.26441619356504,-8.88448570846597,0.6844517706804067,-2.264416193565042,-8.88448570846596,0,-2.26441619356504,0.05328411217533142
5.42,9.238865116446014,-8.9271855286614,0.687736904076012,-2.2752990698906252,-8.927185528661397,0,-2.275299069890636,-8.9271855286614,0.687736904076012,-2.2752990698906252,-8.927185528661397,0,-2.275299069890636,0.05354038030266233
5.44,9.282850823375604,-8.96968769952285,0.6910065595064592,-2.2861315618157185,-8.969687699522865,0,-2.286131561815722,-8.96968769952285,0.6910065595064592,-2.2861315618157185,-8.969687699522865,0,-2.286131561815722,0.05379547320974167
5.46,9.32662653470226,-9.011986978507498,0.6942603286945253,-2.296912333001904,-9.011986978507466,0,-2.296912333001927,-9.011986978507498,0.6942603286945253,-2.296912333001904,-9.011986978507466,0,-2.296912333001927,0.054049359632727695
5.48,9.370186824503142,-9.054078123072696,0.6974978033623516,-2.3076400471108514,-9.054078123072742,0,-2.3076400471108514,-9.054078123072696,0.6974978033623516,-2.3076400471108514,-9.054078123072742,0,-2.3076400471108514,0.05430200830777863
5.5,9.413526266855222,-9.095955890675615,0.7007185752322345,-2.3183133678040555,-9.095955890675611,0,-2.318313367803981,-9.095955890675615,0.7007185752322345,-2.3183133678040555,-9.095955890675611,0,-2.318313367803981,0.05455338797105273
5.52,9.456205732611776,-9.137195745882316,0.7038928470105938,-2.328824196513928,-9.137195745882366,0,-2.328824196513935,-9.137195745882316,0.7038928470105938,-2.328824196513928,-9.137195745882366,0,-2.328824196513935,0.054800834779931425
5.54,9.49841084052351,-9.177977143128292,0.7070331561730923,-2.3392182252718143,-9.177977143128217,0,-2.3392182252718356,-9.177977143128292,0.7070331561730923,-2.3392182252718143,-9.177977143128217,0,-2.3392182252718356,0.05504547711185318
5.56,9.54032614464452,-9.21847850752621,0.7101519680486925,-2.349540884018179,-9.218478507526257,0,-2.349540884018154,-9.21847850752621,0.7101519680486925,-2.349540884018179,-9.218478507526257,0,-2.349540884018154,0.05528843688153141
5.58,9.581944845678075,-9.258693268791983,0.7132487812961523,-2.3597904983393168,-9.258693268791973,0,-2.359790498339379,-9.258693268791983,0.7132487812961523,-2.3597904983393168,-9.258693268791973,0,-2.359790498339379,0.05552967448874887
5.6,9.623260144328036,-9.298614856642256,0.7163230945736188,-2.3699653938212766,-9.29861485664226,0,-2.369965393821275,-9.298614856642256,0.7163230945736188,-2.3699653938212766,-9.29861485664226,0,-2.369965393821275,0.0557691503332883
5.62,9.66426524129751,-9.338236700792827,0.7193744065397172,-2.3800638960502223,-9.338236700792805,0,-2.3800638960502027,-9.338236700792827,0.7193744065397172,-2.3800638960502223,-9.338236700792805,0,-2.3800638960502027,0.056006824814932445
5.64,9.704953337290128,-9.377552230959946,0.7224022158531165,-2.39008433061262,-9.377552230959921,0,-2.3900843306126944,-9.377552230959946,0.7224022158531165,-2.39008433061262,-9.377552230959921,0,-2.3900843306126944,0.05624265833346403
5.66,9.74531763300972,-9.41655487686025,0.7254060211721245,-2.4000250230943596,-9.416554876860289,0,-2.4000250230943863,-9.41655487686025,0.7254060211721245,-2.4000250230943596,-9.416554876860289,0,-2.4000250230943863,0.05647661128866584
5.68,9.785351329159589,-9.455238068209642,0.7283853211555575,-2.40988429908189,-9.45523806820971,0,-2.409884299081881,-9.455238068209642,0.7283853211555575,-2.40988429908189,-9.45523806820971,0,-2.409884299081881,0.05670864408032058
5.7,9.82504762644341,-9.493595234724552,0.7313396144614486,-2.4196604841613567,-9.493595234724566,0,-2.4196604841613407,-9.493595234724552,0.7313396144614486,-2.4196604841613567,-9.493595234724566,0,-2.4196604841613407,0.05693871710821104
5.72,9.864399725564486,-9.531619806120908,0.7342683997488337,-2.4293519039190112,-9.531619806120958,0,-2.4293519039190556,-9.531619806120908,0.7342683997488337,-2.4293519039190112,-9.531619806120958,0,-2.4293519039190556,0.057166790772119905
5.74,9.903400827226616,-9.569305212115324,0.7371711756756936,-2.4389568839407456,-9.569305212115367,0,-2.4389568839406905,-9.569305212115324,0.7371711756756936,-2.4389568839407456,-9.569305212115367,0,-2.4389568839406905,0.05739282547182998
5.76,9.942044132133201,-9.606644882423694,0.7400474409010247,-2.448473749813342,-9.606644882423709,0,-2.448473749813317,-9.606644882423694,0.7400474409010247,-2.448473749813342,-9.606644882423709,0,-2.448473749813317,0.05761678160712396
5.78,9.980322840987846,-9.643632246762401,0.742896694083063,-2.457900827122696,-9.643632246762408,0,-2.457900827122657,-9.643632246762401,0.742896694083063,-2.457900827122696,-9.643632246762408,0,-2.457900827122657,0.05783861957778463
5.8,10.018230154493967,-9.68026073484755,0.745718433880513,-2.467236441454874,-9.68026073484755,0,-2.4672364414548866,-9.68026073484755,0.745718433880513,-2.467236441454874,-9.68026073484755,0,-2.4672364414548866,0.05805829978359468
5.82,10.055759273355406,-9.716523776395562,0.7485121589516388,-2.476478918396543,-9.71652377639559,0,-2.476478918396481,-9.716523776395562,0.7485121589516388,-2.476478918396543,-9.71652377639559,0,-2.476478918396481,0.05827578262433694
5.84,10.092903398275624,-9.752414801122676,0.7512773679551943,-2.485626583533316,-9.752414801122669,0,-2.4856265835333318,-9.752414801122676,0.7512773679551943,-2.485626583533316,-9.752414801122669,0,-2.4856265835333318,0.05849102849979406
5.86,10.129655729958067,-9.787927238744942,0.75401355954931,-2.4946777624517154,-9.787927238744942,0,-2.494677762451701,-9.787927238744942,0.75401355954931,-2.4946777624517154,-9.787927238744942,0,-2.494677762451701,0.05870399780974886
5.88,10.166009469106523,-9.823054518978715,0.7567202323928748,-2.503630780738135,-9.823054518978793,0,-2.503630780738078,-9.823054518978715,0.7567202323928748,-2.503630780738135,-9.823054518978793,0,-2.503630780738078,0.05891465095398403
5.9,10.201957816424354,-9.857790071540052,0.7593968851444797,-2.5124839639784895,-9.857790071539938,0,-2.512483963978454,-9.857790071540052,0.7593968851444797,-2.5124839639784895,-9.857790071539938,0,-2.512483963978454,0.05912294833228235
5.92,10.23749397261555,-9.89212732614559,0.7620430164622181,-2.5212356377590712,-9.892127326145669,0,-2.5212356377590908,-9.89212732614559,0.7620430164622181,-2.5212356377590712,-9.892127326145669,0,-2.5212356377590908,0.05932885034442654
5.94,10.272611138383345,-9.926059712511083,0.7646581250051079,-2.5298841276662785,-9.926059712511133,0,-2.5298841276662785,-9.926059712511083,0.7646581250051079,-2.5298841276662785,-9.926059712511133,0,-2.5298841276662785,0.059532317390199395
5.96,10.307302514431619,-9.95958066035314,0.767241709431079,-2.5384277592860265,-9.959580660353183,0,-2.538427759286023,-9.95958066035314,0.767241709431079,-2.5384277592860265,-9.959580660353183,0,-2.538427759286023,0.05973330986938356
5.98,10.341561301463784,-9.992683599387668,0.7697932683990927,-2.546864858204712,-9.992683599387703,0,-2.5468648582046995,-9.992683599387668,0.7697932683990927,-2.546864858204712,-9.992683599387703,0,-2.5468648582046995,0.05993178818176189
6.0,10.375380700183694,-10.025361959331107,0.7723123005675183,-2.5551937500086197,-10.025361959331136,0,-2.5551937500086126,-10.025361959331107,0.7723123005675183,-2.5551937500086197,-10.025361959331136,0,-2.5551937500086126,0.06012771272711706
6.02,10.408753911294932,-10.05760916989967,0.774798304594821,-2.5634127602836685,-10.05760916989962,0,-2.5634127602836685,-10.05760916989967,0.774798304594821,-2.5634127602836685,-10.05760916989962,0,-2.5634127602836685,0.06032104390523184
6.04,10.441674135501305,-10.08941866080967,0.7772507791394121,-2.5715202146163527,-10.089418660809628,0,-2.5715202146163563,-10.08941866080967,0.7772507791394121,-2.5715202146163527,-10.089418660809628,0,-2.5715202146163563,0.06051174211588898
6.06,10.474134573506362,-10.120783861777177,0.7796692228603184,-2.579514438592714,-10.120783861777184,0,-2.579514438592696,-10.120783861777177,0.7796692228603184,-2.579514438592714,-10.120783861777184,0,-2.579514438592696,0.0606997677588712
6.08,10.506128426013682,-10.151698202518311,0.782053134415404,-2.5873937577991075,-10.15169820251836,0,-2.58739375779912,-10.151698202518311,0.782053134415404,-2.5873937577991075,-10.15169820251836,0,-2.58739375779912,0.060885081233961254
6.1,10.537648893727276,-10.182155112749598,0.7844020124634175,-2.5951564978216393,-10.182155112749655,0,-2.595156497821648,-10.182155112749598,0.7844020124634175,-2.5951564978216393,-10.182155112749655,0,-2.595156497821648,0.061067642940941906
6.12,10.56868917735077,-10.212148022187137,0.786715355663107,-2.6028009842465085,-10.21214802218718,0,-2.602800984246471,-10.212148022187137,0.786715355663107,-2.6028009842465085,-10.21214802218718,0,-2.602800984246471,0.06124741327959587
6.14,10.599242477587872,-10.241670360547097,0.7889926626727353,-2.6103255426600107,-10.241670360547062,0,-2.6103255426599787,-10.241670360547097,0.7889926626727353,-2.6103255426600107,-10.241670360547062,0,-2.6103255426599787,0.061424352649705916
6.16,10.62930199514237,-10.270715557545728,0.7912334321508219,-2.617728498648301,-10.270715557545714,0,-2.6177284986483187,-10.270715557545728,0.7912334321508219,-2.617728498648301,-10.270715557545714,0,-2.6177284986483187,0.06159842145105478
6.18,10.658860930718191,-10.299277042899384,0.7934371627558816,-2.6250081777976515,-10.299277042899377,0,-2.625008177797639,-10.299277042899384,0.7934371627558816,-2.6250081777976515,-10.299277042899377,0,-2.625008177797639,0.061769580083425195
6.2,10.687912485019105,-10.327348246324235,0.7956033531466611,-2.6321629056941855,-10.327348246324235,0,-2.6321629056942157,-10.327348246324235,0.7956033531466611,-2.6321629056941855,-10.327348246324235,0,-2.6321629056942157,0.06193778894659993
6.22,10.716449858748746,-10.35492259753628,0.7977315019812963,-2.639191007924314,-10.354922597536302,0,-2.6391910079243246,-10.35492259753628,0.7977315019812963,-2.639191007924314,-10.354922597536302,0,-2.6391910079243246,0.06210300844036171
6.24,10.744484301972363,-10.382010971315921,0.7998223911662183,-2.646095254154112,-10.382010971315921,0,-2.646095254154119,-10.382010971315921,0.7998223911662183,-2.646095254154112,-10.382010971315921,0,-2.646095254154119,0.06226530604747108
6.26,10.773395956081005,-10.409947302933602,0.8019741260881741,-2.6532154599338913,-10.409947302933631,0,-2.6532154599338895,-10.409947302933602,0.8019741260881741,-2.6532154599338913,-10.409947302933631,0,-2.6532154599338895,0.062432870588480516
6.28,10.801887799131311,-10.437477996448287,0.8040944749985295,-2.6602322746227447,-10.437477996448308,0,-2.6602322746227287,-10.437477996448287,0.8040944749985295,-2.6602322746227447,-10.437477996448308,0,-2.6602322746227287,0.06259800784974334
6.3,10.829956077255405,-10.464599425042877,0.8061831530754389,-2.6671447736469798,-10.464599425042863,0,-2.667144773646939,-10.464599425042877,0.8061831530754389,-2.6671447736469798,-10.464599425042863,0,-2.667144773646939,0.06276069629891415
6.32,10.857597036585435,-10.49130796190046,0.8082398754967466,-2.6739520324323944,-10.491307961900503,0,-2.6739520324324104,-10.49130796190046,0.8082398754967466,-2.6739520324323944,-10.491307961900503,0,-2.6739520324324104,0.06292091440364748
6.34,10.884806923253446,-10.517599980203904,0.8102643574408788,-2.6806531264049784,-10.517599980203954,0,-2.6806531264049624,-10.517599980203904,0.8102643574408788,-2.6806531264049784,-10.517599980203954,0,-2.6806531264049624,0.06307864063159799
6.36,10.911581983391677,-10.543471853136403,0.8122563140854733,-2.687247130990446,-10.543471853136438,0,-2.6872471309904853,-10.543471853136403,0.8122563140854733,-2.687247130990446,-10.543471853136438,0,-2.6872471309904853,0.06323385345042021
6.38,10.937918463131908,-10.568919953880396,0.8142154606089775,-2.693733121615301,-10.568919953880368,0,-2.6937331216153098,-10.568919953880396,0.8142154606089775,-2.693733121615301,-10.568919953880368,0,-2.6937331216153098,0.06338653132776871
6.4,10.963812608606492,-10.593940655619235,0.8161415121891866,-2.7001101737050064,-10.593940655619235,0,-2.7001101737050703,-10.593940655619235,0.8161415121891866,-2.7001101737050064,-10.593940655619235,0,-2.7001101737050703,0.06353665273129808
6.42,10.989260665947238,-10.618530331535531,0.818034184004027,-2.7063773626855934,-10.618530331535567,0,-2.7063773626856005,-10.618530331535531,0.818034184004027,-2.7063773626855934,-10.618530331535567,0,-2.7063773626856005,0.06368419612866291
6.44,11.0142588812867,-10.642685354812635,0.8198931912316221,-2.7125337639830995,-10.642685354812656,0,-2.7125337639830747,-10.642685354812635,0.8198931912316221,-2.7125337639830995,-10.642685354812656,0,-2.7125337639830747,0.06382913998751778
6.46,11.038803500756721,-10.666402098633185,0.821718249049856,-2.7185784530234987,-10.666402098633114,0,-2.7185784530234827,-10.666402098633185,0.821718249049856,-2.7185784530234987,-10.666402098633114,0,-2.7185784530234827,0.0639714627755173
6.48,11.062890770489334,-10.689676936179936,0.823509072637306,-2.7245105052328142,-10.68967693617995,0,-2.7245105052327716,-10.689676936179936,0.823509072637306,-2.7245105052328142,-10.68967693617995,0,-2.7245105052327716,0.06411114296031598
6.5,11.08651693661708,-10.712506240636301,0.8252653771715361,-2.730328996036791,-10.712506240636316,0,-2.730328996036775,-10.712506240636301,0.8252653771715361,-2.730328996036791,-10.712506240636316,0,-2.730328996036775,0.06424815900956844
6.52,11.109678245271752,-10.73488638518478,0.8269868778305858,-2.7360330008615144,-10.73488638518478,0,-2.7360330008614966,-10.73488638518478,0.8269868778305858,-2.7360330008615144,-10.73488638518478,0,-2.7360330008614966,0.06438248939092928
6.54,11.132370942585705,-10.7568137430085,0.8286732897926576,-2.7416215951327736,-10.756813743008479,0,-2.74162159513277,-10.7568137430085,0.8286732897926576,-2.7416215951327736,-10.756813743008479,0,-2.74162159513277,0.06451411257205303
6.56,11.15459127469143,-10.778284687290643,0.8303243282355695,-2.747093854276722,-10.778284687290608,0,-2.7470938542767556,-10.778284687290643,0.8303243282355695,-2.747093854276722,-10.778284687290608,0,-2.7470938542767556,0.06464300702059432
6.58,11.176335487720728,-10.799295591213678,0.8319397083375106,-2.7524488537193275,-10.799295591213692,0,-2.7524488537193434,-10.799295591213678,0.8319397083375106,-2.7524488537193275,-10.799295591213692,0,-2.7524488537193434,0.0647691512042077
6.6,11.197599827805922,-10.819842827960606,0.8335191452766106,-2.757685668886536,-10.819842827960699,0,-2.757685668886495,-10.819842827960606,0.8335191452766106,-2.757685668886536,-10.819842827960699,0,-2.757685668886495,0.06489252359054774
6.62,11.218380541079597,-10.839922770714743,0.8350623542306628,-2.76280337520412,-10.839922770714807,0,-2.7628033752040864,-10.839922770714743,0.8350623542306628,-2.76280337520412,-10.839922770714807,0,-2.7628033752040864,0.06501310264726906
6.64,11.23867387367357,-10.85953179265853,0.8365690503779022,-2.7678010480979474,-10.859531792658544,0,-2.7678010480979935,-10.85953179265853,0.8365690503779022,-2.7678010480979474,-10.859531792658544,0,-2.7678010480979935,0.06513086684202621
6.66,11.258476071720839,-10.8786662669755,0.8380389488961861,-2.7726777629943893,-10.878666266975529,0,-2.7726777629944053,-10.8786662669755,0.8380389488961861,-2.7726777629943893,-10.878666266975529,0,-2.7726777629944053,0.06524579464247379
6.68,11.277783381352988,-10.897322566847869,0.8394717649637351,-2.7774325953190733,-10.897322566847876,0,-2.777432595319098,-10.897322566847869,0.8394717649637351,-2.7774325953190733,-10.897322566847876,0,-2.777432595319098,0.06535786451626635
6.7,11.296592048703019,-10.915497065459135,0.8408672137586333,-2.7820646204982786,-10.915497065459093,0,-2.782064620498261,-10.915497065459135,0.8408672137586333,-2.7820646204982786,-10.915497065459093,0,-2.782064620498261,0.06546705493105852
6.72,11.314898319902763,-10.933186135991782,0.842225010458507,-2.786572913957487,-10.933186135991804,0,-2.786572913957457,-10.933186135991782,0.842225010458507,-2.786572913957487,-10.933186135991804,0,-2.786572913957457,0.06557334435450482
6.74,11.332698441085256,-10.950386151629274,0.8435448702416939,-2.7909565511229637,-10.950386151629303,0,-2.790956551123017,-10.950386151629274,0.8435448702416939,-2.7909565511229637,-10.950386151629303,0,-2.790956551123017,0.06567671125425988
6.76,11.349988658382452,-10.967093485554024,0.8448265082863027,-2.7952146074206023,-10.967093485554074,0,-2.7952146074205757,-10.967093485554024,0.8448265082863027,-2.7952146074206023,-10.967093485554074,0,-2.7952146074205757,0.06577713409797824
6.78,11.366765217927188,-10.983304510949345,0.8460696397701901,-2.799346158276318,-10.98330451094941,0,-2.7993461582763217,-10.983304510949345,0.8460696397701901,-2.799346158276318,-10.98330451094941,0,-2.7993461582763217,0.06587459135331453
6.8,11.383024365851732,-10.999015600997872,0.8472739798714204,-2.8033502791161613,-10.999015600997893,0,-2.8033502791161737,-10.999015600997872,0.8472739798714204,-2.8033502791161613,-10.999015600997893,0,-2.8033502791161737,0.06596906148792327
6.82,11.398762348288953,-11.014223128882861,0.8484392437681221,-2.807226045366038,-11.014223128882875,0,-2.8072260453660363,-11.014223128882861,0.8484392437681221,-2.807226045366038,-11.014223128882875,0,-2.8072260453660363,0.06606052296945908
6.84,11.41397541137112,-11.028923467786939,0.849565146638195,-2.810972532451819,-11.028923467786981,0,-2.8109725324517996,-11.028923467786939,0.849565146638195,-2.810972532451819,-11.028923467786981,0,-2.8109725324517996,0.06614895426557653
6.86,11.428659801231063,-11.043112990893249,0.8506514036598531,-2.814588815799347,-11.043112990893263,0,-2.8145888157993966,-11.043112990893249,0.8506514036598531,-2.814588815799347,-11.043112990893263,0,-2.8145888157993966,0.06623433384393021
6.88,11.44281176400144,-11.056788071384645,0.851697730010974,-2.8180739708348685,-11.056788071384517,0,-2.8180739708349165,-11.056788071384645,0.851697730010974,-2.8180739708348685,-11.056788071384517,0,-2.8180739708349165,0.06631664017217467
6.9,11.456427545814833,-11.06994508244393,0.8527038408696233,-2.8214270729842674,-11.069945082443951,0,-2.821427072984278,-11.06994508244393,0.8527038408696233,-2.8214270729842674,-11.069945082443951,0,-2.821427072984278,0.06639585171796453
6.92,11.469503392804095,-11.082580397254134,0.8536694514138281,-2.82464719767351,-11.082580397254091,0,-2.8246471976734853,-11.082580397254134,0.8536694514138281,-2.82464719767351,-11.082580397254091,0,-2.8246471976734853,0.06647194694895435
6.94,11.482035551102053,-11.094690388998245,0.8545942768217749,-2.827733420328375,-11.09469038899826,0,-2.8277334203284425,-11.094690388998245,0.8545942768217749,-2.827733420328375,-11.09469038899826,0,-2.8277334203284425,0.06654490433279871
6.96,11.49402026684178,-11.106271430859422,0.855478032271213,-2.8306848163749105,-11.106271430859422,0,-2.8306848163749407,-11.106271430859422,0.855478032271213,-2.8306848163749105,-11.106271430859422,0,-2.8306848163749407,0.06661470233715219
6.98,11.506164609759574,-11.118006624309501,0.8563748545784948,-2.8336755445013004,-11.118006624309558,0,-2.833675544501304,-11.118006624309501,0.8563748545784948,-2.8336755445013004,-11.118006624309558,0,-2.833675544501304,0.0666853766266627
7.0,11.519240373000425,-11.130641600255608,0.8573438358736647,-2.836895705446956,-11.130641600255572,0,-2.8368957054469206,-11.130641600255608,0.8573438358736647,-2.836895705446956,-11.130641600255572,0,-2.8368957054469206,0.0667613322904469
7.02,11.531931609870256,-11.142905019429072,0.8582842280373351,-2.8400211678683274,-11.142905019429136,0,-2.8400211678682865,-11.142905019429072,0.8582842280373351,-2.8400211678683274,-11.142905019429136,0,-2.8400211678682865,0.06683505813943919
7.04,11.544239148533572,-11.154797681724546,0.859196097054721,-2.8430521357942986,-11.154797681724531,0,-2.843052135794281,-11.154797681724546,0.859196097054721,-2.8430521357942986,-11.154797681724531,0,-2.843052135794281,0.0669065587943507
7.06,11.55616381715572,-11.16632038703785,0.8600795089104083,-2.845988813252802,-11.166320387037885,0,-2.8459888132527738,-11.16632038703785,0.8600795089104083,-2.845988813252802,-11.166320387037885,0,-2.8459888132527738,0.0669758388758926
7.08,11.567706443901198,-11.177473935263805,0.8609345295888304,-2.848831404272321,-11.177473935263805,0,-2.8488314042723033,-11.177473935263805,0.8609345295888304,-2.848831404272321,-11.177473935263805,0,-2.8488314042723033,0.0670429030047761
7.1,11.578867856935265,-11.188259126297936,0.8617612250751576,-2.85158011288145,-11.18825912629785,0,-2.8515801128814644,-11.188259126297936,0.8617612250751576,-2.85158011288145,-11.18825912629785,0,-2.8515801128814644,0.0671077558017123
7.12,11.58964888442266,-11.198676760035298,0.8625596613542474,-2.854235143108653,-11.198676760035312,0,-2.854235143108639,-11.198676760035298,0.8625596613542474,-2.854235143108653,-11.198676760035312,0,-2.854235143108639,0.06717040188741241
7.14,11.600050354528033,-11.208727636370973,0.8633299044107523,-2.8567966989819915,-11.20872763637098,0,-2.856796698981981,-11.208727636370973,0.8633299044107523,-2.8567966989819915,-11.20872763637098,0,-2.856796698981981,0.06723084588258758
7.16,11.61007309541655,-11.21841255520038,0.8640720202295751,-2.859264984530265,-11.21841255520036,0,-2.859264984530327,-11.21841255520038,0.8640720202295751,-2.859264984530265,-11.21841255520036,0,-2.859264984530327,0.06728909240794895
7.18,11.619717935253178,-11.227732316418916,0.8647860747953935,-2.8616402037816435,-11.227732316418951,0,-2.861640203781633,-11.227732316418916,0.8647860747953935,-2.8616402037816435,-11.227732316418951,0,-2.861640203781633,0.06734514608420769
7.2,11.628985702202561,-11.236687719921598,0.8654721340931153,-2.863922560764406,-11.236687719921449,0,-2.8639225607643795,-11.236687719921598,0.8654721340931153,-2.863922560764406,-11.236687719921449,0,-2.8639225607643795,0.067399011532075
7.22,11.637877224429474,-11.24527956560351,0.8661302641074533,-2.866112259507167,-11.245279565603411,0,-2.866112259507119,-11.24527956560351,0.8661302641074533,-2.866112259507167,-11.245279565603411,0,-2.866112259507119,0.06745069337226202
7.24,11.64639333009896,-11.253508653360072,0.8667605308233965,-2.8682095040382922,-11.253508653360086,0,-2.8682095040382904,-11.253508653360072,0.8667605308233965,-2.8682095040382922,-11.253508653360086,0,-2.8682095040382904,0.06750019622547988
7.26,11.654534847375896,-11.261375783086585,0.8673630002254638,-2.8702144983860887,-11.261375783086507,0,-2.870214498386119,-11.261375783086585,0.8673630002254638,-2.8702144983860887,-11.261375783086507,0,-2.870214498386119,0.0675475247124398
7.28,11.66230260442501,-11.268881754678063,0.867937738298763,-2.8721274465791726,-11.268881754678148,0,-2.872127446579128,-11.268881754678063,0.867937738298763,-2.8721274465791726,-11.268881754678148,0,-2.872127446579128,0.06759268345385291
7.3,11.669697429411379,-11.276027368029986,0.8684848110281149,-2.8739485526458726,-11.27602736803,0,-2.8739485526459134,-11.276027368029986,0.8684848110281149,-2.8739485526458726,-11.27602736803,0,-2.8739485526459134,0.06763567707043038
7.32,11.67672015049948,-11.28281342303734,0.8690042843979162,-2.875678020614222,-11.282813423037354,0,-2.875678020614245,-11.28281342303734,0.8690042843979162,-2.875678020614222,-11.282813423037354,0,-2.875678020614245,0.06767651018288337
7.34,11.68337159585433,-11.289240719595348,0.8694962243933624,-2.8773160545131713,-11.28924071959537,0,-2.877316054513173,-11.289240719595348,0.8694962243933624,-2.8773160545131713,-11.28924071959537,0,-2.877316054513173,0.06771518741192306
7.36,11.68965259364088,-11.295310057599465,0.8699606969991849,-2.8788628583707183,-11.295310057599465,0,-2.8788628583707663,-11.295310057599465,0.8699606969991849,-2.8788628583707183,-11.295310057599465,0,-2.8788628583707663,0.06775171337826058
7.38,11.695563972023844,-11.301022236944725,0.8703977681999824,-2.8803186362156197,-11.30102223694469,0,-2.880318636215506,-11.301022236944725,0.8703977681999824,-2.8803186362156197,-11.30102223694469,0,-2.880318636215506,0.06778609270260713
7.4,11.701106559168185,-11.306378057526558,0.8708075039806573,-2.8816835920759214,-11.30637805752653,0,-2.8816835920758876,-11.306378057526558,0.8708075039806573,-2.8816835920759214,-11.30637805752653,0,-2.8816835920758876,0.06781833000567383
7.42,11.706281183238634,-11.311378319240006,0.8711899703263706,-2.8829579299802344,-11.311378319239964,0,-2.882957929980236,-11.311378319240006,0.8711899703263706,-2.8829579299802344,-11.311378319239964,0,-2.882957929980236,0.0678484299081719
7.44,11.711088672399967,-11.316023821980288,0.8715452332212772,-2.8841418539569563,-11.316023821980295,0,-2.884141853956905,-11.316023821980288,0.8715452332212772,-2.8841418539569563,-11.316023821980295,0,-2.884141853956905,0.06787639703081245
7.46,11.71552985481706,-11.320315365642678,0.8718733586506571,-2.885235568034327,-11.320315365642742,0,-2.8852355680343322,-11.320315365642678,0.8718733586506571,-2.885235568034327,-11.320315365642742,0,-2.8852355680343322,0.06790223599430668
7.48,11.719605558654749,-11.324253750122345,0.8721744125992301,-2.886239276240982,-11.32425375012238,0,-2.886239276240957,-11.324253750122345,0.8721744125992301,-2.886239276240982,-11.32425375012238,0,-2.886239276240957,0.06792595141936573
7.5,11.723316612078008,-11.32783977531475,0.8724484610516923,-2.8871531826050134,-11.3278397753147,0,-2.8871531826049903,-11.32783977531475,0.8724484610516923,-2.8871531826050134,-11.3278397753147,0,-2.8871531826049903,0.06794754792670078
7.52,11.72666384325155,-11.331074241114862,0.8726955699930108,-2.887977491155265,-11.331074241114933,0,-2.8879774911552403,-11.331074241114862,0.8726955699930108,-2.887977491155265,-11.331074241114933,0,-2.8879774911552403,0.067967030137023
7.54,11.729648080340112,-11.333957947417865,0.8729158054079971,-2.888712405919895,-11.333957947417844,0,-2.888712405919918,-11.333957947417865,0.8729158054079971,-2.888712405919895,-11.333957947417844,0,-2.888712405919918,0.06798440267104351
7.56,11.732270151508889,-11.336491694119353,0.8731092332812702,-2.8893581309273486,-11.336491694119317,0,-2.8893581309273486,-11.336491694119353,0.8731092332812702,-2.8893581309273486,-11.336491694119317,0,-2.8893581309273486,0.06799967014947352
7.58,11.734530884922368,-11.338676281114275,0.8732759195976039,-2.8899148702056685,-11.33867628111426,0,-2.8899148702057147,-11.338676281114275,0.8732759195976039,-2.8899148702056685,-11.33867628111426,0,-2.8899148702057147,0.06801283719302416
7.6,11.736431108745524,-11.340512508297799,0.8734159303421594,-2.890382827783876,-11.340512508297834,0,-2.890382827783867,-11.340512508297799,0.8734159303421594,-2.890382827783876,-11.340512508297834,0,-2.890382827783867,0.0680239084224066
7.62,11.737971651143235,-11.342001175565294,0.8735293314993196,-2.8907622076900505,-11.342001175565159,0,-2.890762207690045,-11.342001175565294,0.8735293314993196,-2.8907622076900505,-11.342001175565159,0,-2.890762207690045,0.06803288845833204
7.64,11.739153340280332,-11.34314308281197,0.873616189054208,-2.8910532139524356,-11.343143082811977,0,-2.891053213952503,-11.34314308281197,0.873616189054208,-2.8910532139524356,-11.343143082811977,0,-2.891053213952503,0.06803978192151161
7.66,11.73997700432172,-11.343939029933033,0.8736765689913457,-2.8912560505997718,-11.34393902993304,0,-2.8912560505997362,-11.343939029933033,0.8736765689913457,-2.8912560505997718,-11.34393902993304,0,-2.8912560505997362,0.06804459343265647
7.68,11.740443471432183,-11.344389816823657,0.8737105372958398,-2.8913709216601973,-11.344389816823679,0,-2.8913709216601973,-11.344389816823657,0.8737105372958398,-2.8913709216601973,-11.344389816823679,0,-2.8913709216601973,0.06804732761247778
7.7,11.740553569776655,-11.344496243379133,0.8737181599520767,-2.8913980311622343,-11.34449624337897,0,-2.8913980311622964,-11.344496243379133,0.8737181599520767,-2.8913980311622343,-11.34449624337897,0,-2.8913980311622964,0.06804798908168673
7.72,11.740817104781492,-11.34475099004139,0.8737364243284356,-2.891462914482714,-11.344750990041334,0,-2.8914629144827018,-11.34475099004139,0.8737364243284356,-2.891462914482714,-11.344750990041334,0,-2.8914629144827018,0.06804957189012933
7.74,11.741040885075298,-11.344967354349663,0.8737513221664805,-2.8915179999789196,-11.344967354349734,0,-2.8915179999789444,-11.344967354349663,0.8737513221664805,-2.8915179999789196,-11.344967354349734,0,-2.8915179999789444,0.06805094110337641
7.76,11.740989890593678,-11.344918210189867,0.8737458109403717,-2.8915054160466855,-11.344918210189903,0,-2.8915054160466838,-11.344918210189867,0.8737458109403717,-2.8915054160466855,-11.344918210189903,0,-2.8915054160466838,0.0680507161101797
7.78,11.740668360541584,-11.34460765391939,0.8737202040733578,-2.891426206653769,-11.34460765391944,0,-2.8914262066537617,-11.34460765391939,0.8737202040733578,-2.891426206653769,-11.34460765391944,0,-2.8914262066537617,0.06804892156566811
7.8,11.740080593781574,-11.344039839549147,0.8736748193154646,-2.8912814304589904,-11.34403983954914,0,-2.8912814304590313,-11.344039839549147,0.8736748193154646,-2.8912814304589904,-11.34403983954914,0,-2.8912814304590313,0.068045582475362
7.82,11.739230948833406,-11.343218978743494,0.8736099787448137,-2.8910721608105003,-11.343218978743522,0,-2.8910721608104666,-11.343218978743494,0.8736099787448137,-2.8910721608105003,-11.343218978743522,0,-2.8910721608104666,0.06804072419517314
7.84,11.738123843873993,-11.342149340819915,0.8735260087667704,-2.8907994857470687,-11.342149340819944,0,-2.8907994857470243,-11.342149340819915,0.8735260087667704,-2.8907994857470687,-11.342149340819944,0,-2.8907994857470243,0.06803437243140467
7.86,11.73676375673761,-11.340835252749507,0.8734232401146489,-2.8904645079968745,-11.340835252749514,0,-2.89046450799691,-11.340835252749507,0.8734232401146489,-2.8904645079968745,-11.340835252749514,0,-2.89046450799691,0.06802655324075124
7.88,11.735155224916188,-11.339281099156906,0.8733020078486047,-2.890068344979216,-11.339281099156949,0,-2.890068344979184,-11.339281099156906,0.8733020078486047,-2.890068344979216,-11.339281099156949,0,-2.890068344979184,0.06801729303029888
7.9,11.733302845558274,-11.337491322319579,0.8731626513573136,-2.889612128802675,-11.337491322319607,0,-2.8896121288026677,-11.337491322319579,0.8731626513573136,-2.889612128802675,-11.337491322319607,0,-2.8896121288026677,0.06800661855752496
7.92,11.731211275470352,-11.335470422169045,0.8730055143562603,-2.889097006266148,-11.335470422169081,0,-2.8890970062661836,-11.335470422169045,0.8730055143562603,-2.889097006266148,-11.335470422169081,0,-2.8890970062661836,0.06799455693029843
7.94,11.728885231116273,-11.333222956290129,0.872830944888705,-2.8885241388591165,-11.333222956290172,0,-2.8885241388591396,-11.333222956290129,0.872830944888705,-2.8885241388591165,-11.333222956290172,0,-2.8885241388591396,0.06798113560687953
7.96,11.726329488616388,-11.330753539920416,0.872639295325722,-2.8878947027603896,-11.330753539920437,0,-2.8878947027604056,-11.330753539920416,0.872639295325722,-2.8878947027603896,-11.330753539920437,0,-2.8878947027604056,0.06796638239591996
7.98,11.723548883749121,-11.328066845951597,0.8724309223657194,-2.88720988883923,-11.328066845951653,0,-2.887209888839209,-11.328066845951597,0.8724309223657194,-2.88720988883923,-11.328066845951653,0,-2.887209888839209,0.06795032545646283
8.0,11.7205483119495,-11.325167604927984,0.8722061870345588,-2.8864709026552333,-11.32516760492804,0,-2.8864709026552333,-11.325167604927984,0.8722061870345588,-2.8864709026552333,-11.32516760492804,0,-2.8864709026552333,0.06793299329794271
8.02,11.717332728310776,-11.322060605048307,0.8719654546857898,-2.8856789644577727,-11.322060605048307,0,-2.885678964457796,-11.322060605048307,0.8719654546857898,-2.8856789644577727,-11.322060605048307,0,-2.885678964457796,0.06791441478018556
8.04,11.713907147582898,-11.31875069216401,0.8717090950005897,-2.884835309186551,-11.318750692164059,0,-2.8848353091865846,-11.31875069216401,0.8717090950005897,-2.884835309186551,-11.318750692164059,0,-2.8848353091865846,0.06789461911340874
8.06,11.710276644173028,-11.31524276977995,0.8714374819875306,-2.8839411864709152,-11.315242769779843,0,-2.883941186470935,-11.31524276977995,0.8714374819875306,-2.8839411864709152,-11.315242769779843,0,-2.883941186470935,0.06787363585822108
8.08,11.706446352145871,-11.31154179905436,0.8711509939831243,-2.8829978606312725,-11.311541799054396,0,-2.8829978606313347,-11.31154179905436,0.8711509939831243,-2.8829978606312725,-11.311541799054396,0,-2.8829978606313347,0.06785149492562277
8.1,11.70242146522342,-11.307652798799182,0.8708500136507129,-2.8820066106770916,-11.307652798799182,0,-2.8820066106770525,-11.307652798799182,0.8708500136507129,-2.8820066106770916,-11.307652798799182,0,-2.8820066106770525,0.06782822657700548
8.12,11.69820723678503,-11.303580845479566,0.8705349279820052,-2.8809687303085916,-11.303580845479573,0,-2.880968730308652,-11.303580845479566,0.8705349279820052,-2.8809687303085916,-11.303580845479573,0,-2.880968730308652,0.06780386142415223
8.14,11.693808979866937,-11.299331073213757,0.8702061282958002,-2.8798855279157305,-11.299331073213779,0,-2.879885527915704,-11.299331073213757,0.8702061282958002,-2.8798855279157305,-11.299331073213779,0,-2.879885527915704,0.06777843042923755
8.16,11.689232067163276,-11.294908673773946,0.869864010238393,-2.878758326578854,-11.294908673774074,0,-2.8787583265788186,-11.294908673773946,0.869864010238393,-2.878758326578854,-11.294908673774074,0,-2.8787583265788186,0.06775196490482731
8.18,11.684481931025248,-11.290318896585418,0.8695089737841188,-2.8775884640684293,-11.290318896585418,0,-2.8775884640683955,-11.290318896585418,0.8695089737841188,-2.8775884640684293,-11.290318896585418,0,-2.8775884640683955,0.06772449651387885
8.2,11.67956406346095,-11.285567048726584,0.8691414232345811,-2.8763772928445484,-11.28556704872662,0,-2.8763772928445377,-11.285567048726584,0.8691414232345811,-2.8763772928445484,-11.28556704872662,0,-2.8763772928445377,0.0676960572697409
8.22,11.674484016136415,-11.280658494929718,0.8687617672185874,-2.875126180058176,-11.280658494929796,0,-2.875126180058132,-11.280658494929718,0.8687617672185874,-2.875126180058176,-11.280658494929796,0,-2.875126180058132,0.06766667953615361
8.24,11.669247400374584,-11.275598657580232,0.8683704186931851,-2.8738365075496475,-11.275598657580232,0,-2.873836507549626,-11.275598657580232,0.8683704186931851,-2.8738365075496475,-11.275598657580232,0,-2.873836507549626,0.06763639602724858
8.26,11.66385988715581,-11.270393016716994,0.8679677949423121,-2.872509671849741,-11.270393016717037,0,-2.8725096718497696,-11.270393016716994,0.8679677949423121,-2.872509671849741,-11.270393016717037,0,-2.8725096718497696,0.0676052398075488
8.28,11.658327207117793,-11.265047110032206,0.8675543175781786,-2.8711470841795013,-11.265047110032285,0,-2.8711470841794835,-11.265047110032206,0.8675543175781786,-2.8711470841795013,-11.265047110032285,0,-2.8711470841794835,0.06757324429196869
8.3,11.652655150555674,-11.259566532871723,0.8671304125399972,-2.8697501704498265,-11.259566532871759,0,-2.869750170449805,-11.259566532871723,0.8671304125399972,-2.8697501704498265,-11.259566532871759,0,-2.869750170449805,0.0675404432458141
8.32,11.646849567421484,-11.253956938234325,0.8666965100947994,-2.868320371261783,-11.253956938234325,0,-2.8683203712617598,-11.253956938234325,0.8666965100947994,-2.868320371261783,-11.253956938234325,0,-2.8683203712617598,0.06750687078478228
8.34,11.64091636732497,-11.24822403677264,0.8662530448368386,-2.8668591419064633,-11.248224036772626,0,-2.8668591419064597,-11.24822403677264,0.8662530448368386,-2.8668591419064633,-11.248224036772626,0,-2.8668591419064597,0.06747256137496188
8.36,11.634861519532684,-11.242373596792063,0.8658004556886754,-2.8653679523653377,-11.242373596792063,0,-2.865367952365361,-11.242373596792063,0.8658004556886754,-2.8653679523653377,-11.242373596792063,0,-2.865367952365361,0.06743754983283307
8.38,11.628691052969142,-11.23641144425217,0.8653391858995874,-2.8638482873097466,-11.236411444252212,0,-2.8638482873097075,-11.23641144425217,0.8653391858995874,-2.8638482873097466,-11.236411444252212,0,-2.8638482873097075,0.06740187132526729
8.4,11.622411056215753,-11.230343462765575,0.8648696830467784,-2.8623016461007804,-11.23034346276556,0,-2.8623016461008746,-11.230343462765575,0.8648696830467784,-2.8623016461007804,-11.23034346276556,0,-2.8623016461008746,0.06736556136952755
8.42,11.616027677511264,-11.224175593597998,0.8643923990352667,-2.8607295427907466,-11.224175593597934,0,-2.860729542790722,-11.224175593597998,0.8643923990352667,-2.8607295427907466,-11.224175593597934,0,-2.860729542790722,0.06732865583326818
8.44,11.609547124751561,-11.217913835668725,0.8639077900971537,-2.859133506120898,-11.21791383566871,0,-2.8591335061208554,-11.217913835668725,0.8639077900971537,-2.859133506120898,-11.21791383566871,0,-2.8591335061208554,0.06729119093453492
8.46,11.602336594354615,-11.210946386906024,0.8633732912300398,-2.857357768431175,-11.21094638690603,0,-2.8573577684311147,-11.210946386906024,0.8633732912300398,-2.857357768431175,-11.21094638690603,0,-2.8573577684311147,0.06724931246594454
8.48,11.594976197804147,-11.203834100364858,0.8628279974355806,-2.855545128192894,-11.203834100364816,0,-2.855545128192844,-11.203834100364858,0.8628279974355806,-2.855545128192894,-11.203834100364816,0,-2.855545128192844,0.06720655064441274
8.5,11.58747109451081,-11.19658196120973,0.8622722952900594,-2.8536968560726255,-11.196581961209716,0,-2.8536968560726876,-11.19658196120973,0.8622722952900594,-2.8536968560726255,-11.196581961209716,0,-2.8536968560726876,0.06716293526618737
8.52,11.579824886582985,-11.189193448970379,0.8617064668354915,-2.8518138394020127,-11.189193448970414,0,-2.8518138394019985,-11.189193448970379,0.8617064668354915,-2.8518138394020127,-11.189193448970414,0,-2.8518138394019985,0.06711848663357244
8.54,11.572041186322377,-11.181672053007546,0.8611307951105518,-2.849896968027954,-11.181672053007475,0,-2.8498969680280055,-11.181672053007546,0.8611307951105518,-2.849896968027954,-11.181672053007475,0,-2.8498969680280055,0.06707322509812069
8.56,11.564123616223924,-11.174021272513137,0.8605455641518769,-2.847947134311143,-11.17402127251313,0,-2.8479471343110987,-11.174021272513137,0.8605455641518769,-2.847947134311143,-11.17402127251313,0,-2.8479471343110987,0.06702717106063358
8.58,11.556075808977601,-11.16624461651191,0.8599510589939241,-2.8459652331267975,-11.166244616511932,0,-2.8459652331267336,-11.16624461651191,0.8599510589939241,-2.8459652331267975,-11.166244616511932,0,-2.8459652331267336,0.06698034497116127
8.6,11.547901407466558,-11.158345603859743,0.8593475656673584,-2.843952161864406,-11.158345603859772,0,-2.8439521618643795,-11.158345603859743,0.8593475656673584,-2.843952161864406,-11.158345603859772,0,-2.8439521618643795,0.06693276732900268
8.62,11.539604064767353,-11.150327763243581,0.858735371201627,-2.8419088204279888,-11.150327763243695,0,-2.84190882042806,-11.150327763243581,0.858735371201627,-2.8419088204279888,-11.150327763243695,0,-2.84190882042806,0.06688445868270543
8.64,11.531187444151168,-11.142194633182932,0.8581147636224111,-2.8398361112359254,-11.142194633182925,0,-2.839836111235968,-11.142194633182932,0.8581147636224111,-2.8398361112359254,-11.142194633182925,0,-2.839836111235968,0.0668354396300659
8.66,11.522655219082747,-11.133949762028735,0.8574860319536359,-2.8377349392205193,-11.133949762028593,0,-2.8377349392205247,-11.133949762028735,0.8574860319536359,-2.8377349392205193,-11.133949762028593,0,-2.8377349392205247,0.06678573081812914
8.68,11.514011073220605,-11.125596707963325,0.8568494662163038,-2.835606211829216,-11.125596707963311,0,-2.835606211829173,-11.125596707963325,0.8568494662163038,-2.835606211829216,-11.125596707963311,0,-2.835606211829173,0.06673535294318902
8.7,11.505258700416896,-11.117139039000584,0.8562053574291437,-2.8334508390232536,-11.117139039000662,0,-2.8334508390232713,-11.117139039000584,0.8562053574291437,-2.8334508390232536,-11.117139039000662,0,-2.8334508390232713,0.06668432675078802
8.72,11.496401804718001,-11.108580332986527,0.8555539976075663,-2.8312697332780825,-11.108580332986548,0,-2.8312697332780914,-11.108580332986527,0.8555539976075663,-2.8312697332780825,-11.108580332986548,0,-2.8312697332780914,0.06663267303571746
8.74,11.487444100364339,-11.09992417759868,0.8548956797653351,-2.829063809584424,-11.09992417759861,0,-2.8290638095844542,-11.09992417759868,0.8548956797653351,-2.829063809584424,-11.09992417759861,0,-2.8290638095844542,0.06658041264201726
8.76,11.478389311789694,-11.091174170346065,0.8542306979128793,-2.8268339854461164,-11.091174170346093,0,-2.8268339854461146,-11.091174170346065,0.8542306979128793,-2.8268339854461164,-11.091174170346093,0,-2.8268339854461146,0.06652756646297624
8.78,11.469241173622285,-11.082333918569596,0.8535593470586682,-2.824581180882376,-11.08233391856956,0,-2.8245811808823618,-11.082333918569596,0.8535593470586682,-2.824581180882376,-11.08233391856956,0,-2.8245811808823618,0.06647415544113174
8.8,11.46000343068415,-11.073407039441967,0.8528819232079665,-2.8223063184261807,-11.073407039441946,0,-2.822306318426257,-11.073407039441967,0.8528819232079665,-2.8223063184261807,-11.073407039441946,0,-2.822306318426257,0.06642020056827
8.82,11.450679837990291,-11.064397159966362,0.8521987233639496,-2.8200103231253593,-11.06439715996639,0,-2.820010323125402,-11.064397159966362,0.8521987233639496,-2.8200103231253593,-11.06439715996639,0,-2.820010323125402,0.06636572288542587
8.84,11.44127416075133,-11.05530791697953,0.8515100455271081,-2.817694122541459,-11.055307916979515,0,-2.817694122541468,-11.05530791697953,0.8515100455271081,-2.817694122541459,-11.055307916979515,0,-2.817694122541468,0.06631074348288304
8.86,11.43179017437075,-11.046142957148568,0.850816188695021,-2.815358646751273,-11.046142957148575,0,-2.815358646751278,-11.046142957148568,0.850816188695021,-2.815358646751273,-11.046142957148575,0,-2.815358646751278,0.0662552835001738
8.88,11.422231664446063,-11.036905936972516,0.8501174528631217,-2.813004828344871,-11.036905936972516,0,-2.8130048283448588,-11.036905936972516,0.8501174528631217,-2.813004828344871,-11.036905936972516,0,-2.8130048283448588,0.06619936412607924
8.9,11.412602426768984,-11.027600522782102,0.8494141390240237,-2.8106336024276466,-11.027600522782166,0,-2.810633602427629,-11.027600522782102,0.8494141390240237,-2.8106336024276466,-11.027600522782166,0,-2.810633602427629,0.06614300659862918
8.92,11.402906267325468,-11.018230390740072,0.8487065491679071,-2.808245906618783,-11.018230390740072,0,-2.8082459066187084,-11.018230390740072,0.8487065491679071,-2.808245906618783,-11.018230390740072,0,-2.8082459066187084,0.06608623220510215
8.94,11.393147002294885,-11.008799226840146,0.8479949862823948,-2.805842681052143,-11.008799226840168,0,-2.8058426810520984,-11.008799226840146,0.8479949862823948,-2.805842681052143,-11.008799226840168,0,-2.8058426810520984,0.06602906228202539
8.96,11.383328458051245,-10.999310726908405,0.8472797543520092,-2.8034248683758314,-10.999310726908405,0,-2.803424868375842,-10.999310726908405,0.8472797543520092,-2.8034248683758314,-10.999310726908405,0,-2.803424868375842,0.06597151821517486
8.98,11.373454471162157,-10.989768596602119,0.8465611583595729,-2.8009934137520247,-10.989768596602119,0,-2.8009934137519963,-10.989768596602119,0.8465611583595729,-2.8009934137520247,-10.989768596602119,0,-2.8009934137519963,0.06591362143957533
9.0,11.363528888389522,-10.98017655141033,0.8458395042846192,-2.7985492648579946,-10.980176551410366,0,-2.7985492648579964,-10.98017655141033,0.8458395042846192,-2.7985492648579946,-10.980176551410366,0,-2.7985492648579964,0.06585539343950018
9.02,11.35355556668932,-10.970538316653986,0.8451150991041723,-2.7960933718843624,-10.9705383166539,0,-2.7960933718843677,-10.970538316653986,0.8451150991041723,-2.7960933718843624,-10.9705383166539,0,-2.7960933718843677,0.06579685574847159
9.04,11.343538373211338,-10.96085762748504,0.8443882507931142,-2.793626687537264,-10.960857627485098,0,-2.7936266875372695,-10.96085762748504,0.8443882507931142,-2.793626687537264,-10.960857627485098,0,-2.7936266875372695,0.06573802994926045
9.06,11.333481185300407,-10.951138228888354,0.8436592683233655,-2.7911501670362373,-10.951138228888254,0,-2.791150167036193,-10.951138228888354,0.8436592683233655,-2.7911501670362373,-10.951138228888254,0,-2.791150167036193,0.06567893767388638
9.08,11.323387890494296,-10.941383875679058,0.8429284616645205,-2.788664768115556,-10.941383875679023,0,-2.788664768115609,-10.941383875679058,0.8429284616645205,-2.788664768115556,-10.941383875679023,0,-2.788664768115609,0.06561960060361773
9.1,11.313262386525587,-10.93159833250457,0.8421961417832158,-2.7861714510241793,-10.931598332504592,0,-2.7861714510241455,-10.93159833250457,0.8421961417832158,-2.7861714510241793,-10.931598332504592,0,-2.7861714510241455,0.06556004046897153
9.12,11.30310858132108,-10.921785373844187,0.8414626206437879,-2.7836711785245676,-10.921785373844202,0,-2.7836711785245,-10.921785373844187,0.8414626206437879,-2.7836711785245676,-10.921785373844202,0,-2.7836711785245,0.06550027904971359
9.14,11.292930393001832,-10.911948784008594,0.8407282112081904,-2.781164915894685,-10.911948784008601,0,-2.781164915894692,-10.911948784008594,0.8407282112081904,-2.781164915894685,-10.911948784008601,0,-2.781164915894692,0.06544033817485843
9.16,11.282731749882824,-10.902092357140098,0.8399932274353175,-2.7786536309258665,-10.902092357140049,0,-2.7786536309258736,-10.902092357140098,0.8399932274353175,-2.7786536309258665,-10.902092357140049,0,-2.7786536309258736,0.06538023972266932
9.18,11.272313239565964,-10.892023700043666,0.8392389926924606,-2.776088152219023,-10.892023700043694,0,-2.7760881522190317,-10.892023700043666,0.8392389926924606,-2.776088152219023,-10.892023700043694,0,-2.7760881522190317,0.06531898583770276
9.2,11.261419042159861,-10.881495996434666,0.8384415623206745,-2.7734053995809766,-10.881495996434694,0,-2.773405399580966,-10.881495996434666,0.8384415623206745,-2.7734053995809766,-10.881495996434694,0,-2.773405399580966,0.06525529578529582
9.22,11.25045109373653,-10.870897046598095,0.837638421629733,-2.7707044804644507,-10.87089704659806,0,-2.7707044804644596,-10.870897046598095,0.837638421629733,-2.7707044804644507,-10.87089704659806,0,-2.7707044804644596,0.06519118740435205
9.24,11.239410529952366,-10.86022795025498,0.8368296239452553,-2.76798567406013,-10.860227950255023,0,-2.767985674060114,-10.86022795025498,0.8368296239452553,-2.76798567406013,-10.860227950255023,0,-2.767985674060114,0.06512666856080279
9.26,11.228298446802429,-10.849489768856749,0.8360152189349921,-2.765249249780366,-10.84948976885677,0,-2.765249249780368,-10.849489768856749,0.8360152189349921,-2.765249249780366,-10.84948976885677,0,-2.765249249780368,0.06506174691981094
9.28,11.217115900621067,-10.838683525586163,0.835195252607654,-2.7624954672585424,-10.83868352558612,0,-2.7624954672585744,-10.838683525586163,0.835195252607654,-2.7624954672585424,-10.83868352558612,0,-2.7624954672585744,0.06499642994577084
9.3,11.20586390808003,-10.827810205355398,0.8343697673130301,-2.7597245763488694,-10.82781020535539,0,-2.7597245763488445,-10.827810205355398,0.8343697673130301,-2.7597245763488694,-10.82781020535539,0,-2.7597245763488445,0.06493072490230839
9.32,11.194543446190128,-10.816870754807319,0.833538801742963,-2.756936817127775,-10.816870754807326,0,-2.75693681712778,-10.816870754807319,0.833538801742963,-2.756936817127775,-10.816870754807326,0,-2.75693681712778,0.06486463885228098
9.34,11.183155452301593,-10.805866082316456,0.8327023909297013,-2.75413241989202,-10.80586608231647,0,-2.7541324198920307,-10.805866082316456,0.8327023909297013,-2.75413241989202,-10.80586608231647,0,-2.7541324198920307,0.06479817865777757
9.36,11.171700824102675,-10.794797057987033,0.8318605662472875,-2.751311605160266,-10.794797057987054,0,-2.751311605160268,-10.794797057987033,0.8318605662472875,-2.751311605160266,-10.794797057987054,0,-2.751311605160268,0.0647313509801185
9.38,11.160180419620296,-10.783664513653967,0.8310133554109407,-2.7484745836719817,-10.783664513653946,0,-2.7484745836720066,-10.783664513653967,0.8310133554109407,-2.7484745836719817,-10.783664513653946,0,-2.7484745836720066,0.06466416227985576
9.4,11.148595057220625,-10.772469242883155,0.8301607824776243,-2.7456215563883557,-10.77246924288319,0,-2.745621556388329,-10.772469242883155,0.8301607824776243,-2.7456215563883557,-10.77246924288319,0,-2.745621556388329,0.06459661881677277
9.42,11.13694551560716,-10.761212000969813,0.8293028678447216,-2.7427527144914663,-10.761212000969792,0,-2.7427527144914734,-10.761212000969813,0.8293028678447216,-2.7427527144914663,-10.761212000969792,0,-2.7427527144914734,0.06452872664988446
9.44,11.125232533824423,-10.749893504941987,0.828439628251727,-2.7398682393848617,-10.749893504941994,0,-2.7398682393848475,-10.749893504941987,0.828439628251727,-2.7398682393848617,-10.749893504941994,0,-2.7398682393848475,0.06446049163743736
9.46,11.11345681125341,-10.738514433555991,0.8275710767789928,-2.7369683026932456,-10.738514433556006,0,-2.7369683026932563,-10.738514433555991,0.8275710767789928,-2.7369683026932456,-10.738514433556006,0,-2.7369683026932563,0.06439191943690935
9.48,11.101619007615097,-10.727075427299908,0.8266972228484915,-2.7340530662627867,-10.727075427299937,0,-2.7340530662627884,-10.727075427299908,0.8266972228484915,-2.7340530662627867,-10.727075427299937,0,-2.7340530662627884,0.06432301550500998
9.5,11.089719742969432,-10.715577088392664,0.8258180722231674,-2.7311226821606382,-10.715577088392706,0,-2.731122682160617,-10.715577088392664,0.8258180722231674,-2.7311226821606382,-10.715577088392706,0,-2.731122682160617,0.06425378509768025
9.52,11.077759597714092,-10.70401998078254,0.8249336270076522,-2.72817729267544,-10.704019980782519,0,-2.7281772926753973,-10.70401998078254,0.8249336270076522,-2.72817729267544,-10.704019980782519,0,-2.7281772926753973,0.06418423327009262
9.54,11.065739112586776,-10.692404630149738,0.8240438856472911,-2.725217030316742,-10.692404630149639,0,-2.7252170303167134,-10.692404630149738,0.8240438856472911,-2.725217030316742,-10.692404630149639,0,-2.7252170303167134,0.06411436487665112
9.56,11.053658788663379,-10.680731523904086,0.823148842929208,-2.7222420178161464,-10.680731523904143,0,-2.7222420178161855,-10.680731523904086,0.823148842929208,-2.7222420178161464,-10.680731523904143,0,-2.7222420178161855,0.0640441845709913
9.58,11.041519087358774,-10.66900111118619,0.8222484899823295,-2.719252368125799,-10.669001111186262,0,-2.7192523681257654,-10.66900111118619,0.8222484899823295,-2.719252368125799,-10.669001111186262,0,-2.7192523681257654,0.0639736968059802
9.6,11.029320430427255,-10.657213802867851,0.821342814275519,-2.716248184418969,-10.657213802867886,0,-2.7162481844189585,-10.657213802867851,0.821342814275519,-2.716248184418969,-10.657213802867886,0,-2.7162481844189585,0.06390290583371633
9.62,11.0170631999619,-10.64536997155092,0.8204317996201462,-2.713229560090964,-10.645369971550949,0,-2.713229560090923,-10.64536997155092,0.8204317996201462,-2.713229560090964,-10.645369971550949,0,-2.713229560090923,0.06383181570552975
9.64,11.00474773839423,-10.63346995156732,0.8195154261685915,-2.7101965787580067,-10.633469951567292,0,-2.7101965787580156,-10.63346995156732,0.8195154261685915,-2.7101965787580067,-10.633469951567292,0,-2.7101965787580156,0.06376043027198211
9.66,10.992374348495703,-10.621514038980592,0.8185936704138745,-2.7071493142570944,-10.621514038980592,0,-2.7071493142570517,-10.621514038980592,0.8185936704138745,-2.7071493142570944,-10.621514038980592,0,-2.7071493142570517,0.06368875318286639
9.68,10.979943293376778,-10.609502491584394,0.8176665051913341,-2.704087830647346,-10.609502491584465,0,-2.7040878306473672,-10.609502491584394,0.8176665051913341,-2.704087830647346,-10.609502491584465,0,-2.7040878306473672,0.06361678788720723
9.7,10.967454796486573,-10.5974355289026,0.8167338996772537,-2.701012182208471,-10.597435528902622,0,-2.7010121822084585,-10.5974355289026,0.8167338996772537,-2.701012182208471,-10.597435528902622,0,-2.7010121822084585,0.0635445376332607
9.72,10.954909041613895,-10.585313332190054,0.8157958193886201,-2.697922413441816,-10.585313332190097,0,-2.697922413441816,-10.585313332190054,0.8157958193886201,-2.697922413441816,-10.585313332190097,0,-2.697922413441816,0.06347200546851449
9.74,10.942306172887033,-10.573136044432282,0.8148522261847617,-2.6948185590697786,-10.573136044432303,0,-2.69481855906983,-10.573136044432282,0.8148522261847617,-2.6948185590697786,-10.573136044432303,0,-2.69481855906983,0.06339919423968765
9.76,10.929646294773292,-10.560903770345035,0.8139030782653034,-2.6917006440362368,-10.560903770345078,0,-2.6917006440362314,-10.560903770345035,0.8139030782653034,-2.6917006440362368,-10.560903770345078,0,-2.6917006440362314,0.06332610659273084
9.78,10.916929472079865,-10.548616576375082,0.812948330171916,-2.688568683505988,-10.548616576375096,0,-2.6885686835060056,-10.548616576375082,0.812948330171916,-2.688568683505988,-10.548616576375096,0,-2.6885686835060056,0.06325274497282618
9.8,10.90415572995311,-10.536274490699235,0.8119879327872872,-2.6854226828657186,-10.536274490699256,0,-2.6854226828657772,-10.536274490699235,0.8119879327872872,-2.6854226828657186,-10.536274490699256,0,-2.6854226828657772,0.06317911162438736
9.82,10.891325053879068,-10.523877503225094,0.8110218333353401,-2.6822626377227117,-10.523877503225123,0,-2.6822626377226726,-10.523877503225094,0.8110218333353401,-2.6822626377227117,-10.523877503225123,0,-2.6822626377226726,0.06310520859105953
9.84,10.878437389683896,-10.511425565591189,0.8100499753814172,-2.679088533905743,-10.51142556559121,0,-2.679088533905741,-10.511425565591189,0.8100499753814172,-2.679088533905743,-10.51142556559121,0,-2.679088533905741,0.06303103771571936
9.86,10.865492643533148,-10.498918591166074,0.8090722988323278,-2.6759003474652,-10.498918591166088,0,-2.675900347465145,-10.498918591166074,0.8090722988323278,-2.6759003474652,-10.498918591166088,0,-2.675900347465145,0.06295660064047505
9.88,10.852490681932405,-10.486356455049176,0.8080887399359358,-2.6726980446720905,-10.486356455049204,0,-2.6726980446720745,-10.486356455049176,0.8080887399359358,-2.6726980446720905,-10.486356455049204,0,-2.6726980446720745,0.06288189880666631
9.9,10.839431331727369,-10.473738994070445,0.8070992312814003,-2.6694815820192925,-10.473738994070473,0,-2.6694815820193156,-10.473738994070445,0.8070992312814003,-2.6694815820192925,-10.473738994070473,0,-2.6694815820193156,0.06280693345486431
9.92,10.82629379499718,-10.461045359675566,0.8061121058013176,-2.6662459937369327,-10.461045359675566,0,-2.666245993736922,-10.461045359675566,0.8061121058013176,-2.6662459937369327,-10.461045359675566,0,-2.666245993736922,0.06273117734997177
9.94,10.813084885429806,-10.448282399638416,0.8051244039471186,-2.6629929030561286,-10.448282399638444,0,-2.66299290305615,-10.448282399638416,0.8051244039471186,-2.6629929030561286,-10.448282399638444,0,-2.66299290305615,0.06265481267062464
9.96,10.799814552661148,-10.435460108619594,0.8041318660565402,-2.6597246812602133,-10.435460108619665,0,-2.659724681260215,-10.435460108619594,0.8041318660565402,-2.6597246812602133,-10.435460108619665,0,-2.659724681260215,0.06257810288972546
9.98,10.786482323525384,-10.42257802858667,0.8031344677944068,-2.6564412119923855,-10.422578028586628,0,-2.6564412119924015,-10.42257802858667,0.8031344677944068,-2.6564412119923855,-10.422578028586628,0,-2.6564412119924015,0.06250104481707647
10.0,10.773087682721647,-10.409635660756308,0.8021321821772487,-2.6531423685273126,-10.409635660756322,0,-2.653142368527341,-10.409635660756308,0.8021321821772487,-2.6531423685273126,-10.409635660756322,0,-2.653142368527341,0.062423634998247185
10.02,10.759630072815966,-10.396632465596518,0.8011249795719824,-2.649828013770602,-10.396632465596554,0,-2.649828013770602,-10.396632465596518,0.8011249795719824,-2.649828013770602,-10.396632465596554,0,-2.649828013770602,0.06234586971457478
10.04,10.746108894239796,-10.38356786282501,0.800112827696791,-2.6464980002590455,-10.383567862825046,0,-2.646498000258987,-10.38356786282501,0.800112827696791,-2.6464980002590455,-10.383567862825046,0,-2.646498000258987,0.0622677449831639
10.06,10.732523505290192,-10.370441231409586,0.7990956916204759,-2.643152170160022,-10.370441231409558,0,-2.64315217016005,-10.370441231409586,0.7990956916204759,-2.643152170160022,-10.370441231409558,0,-2.64315217016005,0.0621892565568867
10.08,10.718873222130146,-10.35725190956807,0.7980735337630174,-2.6397903552729645,-10.357251909568063,0,-2.6397903552729503,-10.35725190956807,0.7980735337630174,-2.6397903552729645,-10.357251909568063,0,-2.6397903552729503,0.06211039992438285
10.1,10.705157318788736,-10.34399919476899,0.7970463138947714,-2.6364123770275523,-10.343999194769012,0,-2.6364123770275256,-10.34399919476899,0.7970463138947714,-2.6364123770275523,-10.343999194769012,0,-2.6364123770275256,0.06203117031005951
10.12,10.691375027160653,-10.33068234373063,0.7960139891378795,-2.633018046485132,-10.330682343730615,0,-2.633018046485148,-10.33068234373063,0.7960139891378795,-2.633018046485132,-10.330682343730615,0,-2.633018046485148,0.061951562674091395
10.14,10.67752553700588,-10.317300572421026,0.7949765139645835,-2.6296071643378838,-10.31730057242099,0,-2.6296071643379406,-10.317300572421026,0.7949765139645835,-2.6296071643378838,-10.31730057242099,0,-2.6296071643379406,0.061871571712420685
10.16,10.663607995950922,-10.303853056059062,0.7939338401987244,-2.6261795209091545,-10.303853056059097,0,-2.626179520909105,-10.303853056059062,0.7939338401987244,-2.6261795209091545,-10.303853056059097,0,-2.626179520909105,0.061791191856757126
10.18,10.649621509487794,-10.290338929113545,0.7928859170144409,-2.622734896153384,-10.290338929113588,0,-2.622734896153389,-10.290338929113545,0.7928859170144409,-2.622734896153384,-10.290338929113588,0,-2.622734896153389,0.06171041727457793
10.2,10.635565140974268,-10.276757285303376,0.7918326909370847,-2.6192730596561287,-10.276757285303376,0,-2.6192730596560807,-10.276757285303376,0.7918326909370847,-2.6192730596561287,-10.276757285303376,0,-2.6192730596560807,0.06162924186912785
10.22,10.6214379116337,-10.263107177597348,0.790774105843187,-2.615793770634207,-10.26310717759732,0,-2.6157937706341983,-10.263107177597348,0.790774105843187,-2.615793770634207,-10.26310717759732,0,-2.6157937706341983,0.06154765927941911
10.24,10.607238800555601,-10.249387618214975,0.7897101029595373,-2.612296777935077,-10.249387618214968,0,-2.612296777935086,-10.249387618214975,0.7897101029595373,-2.612296777935077,-10.249387618214968,0,-2.612296777935086,0.061465662880231545
10.26,10.592966744694573,-10.235597578624976,0.7886406208644874,-2.6087818200380237,-10.235597578624933,0,-2.6087818200380326,-10.235597578624976,0.7886406208644874,-2.6087818200380237,-10.235597578624933,0,-2.6087818200380326,0.061383245782112364
10.28,10.578620638872216,-10.221735989547682,0.7875655954868983,-2.6052486250528695,-10.221735989547724,0,-2.6052486250528517,-10.221735989547682,0.7875655954868983,-2.6052486250528695,-10.221735989547724,0,-2.6052486250528517,0.06130040083137636
10.3,10.564199335774656,-10.207801740952213,0.786484960106788,-2.6016969107207633,-10.207801740952206,0,-2.6016969107207615,-10.207801740952213,0.786484960106788,-2.6016969107207633,-10.207801740952206,0,-2.6016969107207615,0.06121712061010586
10.32,10.549701645954071,-10.193793682058178,0.7853986453549964,-2.5981263844138667,-10.193793682058171,0,-2.598126384413874,-10.193793682058178,0.7853986453549964,-2.5981263844138667,-10.193793682058171,0,-2.598126384413874,0.06113339743615071
10.34,10.535126337828885,-10.179710621335786,0.784306579213427,-2.5945367431356043,-10.1797106213358,0,-2.594536743135606,-10.179710621335786,0.784306579213427,-2.5945367431356043,-10.1797106213358,0,-2.594536743135606,0.0610492233631282
10.36,10.520472137682864,-10.165551326505089,0.783208687014223,-2.5909276735202518,-10.16555132650511,0,-2.590927673520241,-10.165551326505089,0.783208687014223,-2.5909276735202518,-10.16555132650511,0,-2.590927673520241,0.06096459018042315
10.38,10.505737729665412,-10.151314524535984,0.7821048914415356,-2.5872988518335696,-10.151314524535977,0,-2.587298851833566,-10.151314524535984,0.7821048914415356,-2.5872988518335696,-10.151314524535977,0,-2.587298851833566,0.06087948941318794
10.4,10.49092175579209,-10.13699890164908,0.780995112529622,-2.5836499439721194,-10.136998901649136,0,-2.5836499439721337,-10.13699890164908,0.780995112529622,-2.5836499439721194,-10.136998901649136,0,-2.5836499439721337,0.060793912322342436
10.42,10.476022815944159,-10.122603103315065,0.7798792676637611,-2.5799806054635805,-10.122603103315,0,-2.579980605463575,-10.122603103315065,0.7798792676637611,-2.5799806054635805,-10.122603103315,0,-2.579980605463575,0.060707849904574014
10.44,10.461039467868257,-10.10812573425428,0.7787572715807332,-2.5762904814670264,-10.10812573425423,0,-2.5762904814669554,-10.10812573425428,0.7787572715807332,-2.5762904814670264,-10.10812573425423,0,-2.5762904814669554,0.06062129289233753
10.46,10.445970227176765,-10.093565358437367,0.7776290363674039,-2.5725792067722306,-10.09356535843746,0,-2.5725792067722466,-10.093565358437367,0.7776290363674039,-2.5725792067722306,-10.09356535843746,0,-2.5725792067722466,0.06053423175385545
10.48,10.430813567348464,-10.078920499085669,0.7764944714621165,-2.5688464058003415,-10.07892049908574,0,-2.5688464058003433,-10.078920499085669,0.7764944714621165,-2.5688464058003415,-10.07892049908574,0,-2.5688464058003433,0.060446656693117606
10.5,10.415567919727188,-10.06418963866998,0.7753534836539475,-2.5650916926035894,-10.064189638670015,0,-2.5650916926035876,-10.06418963866998,0.7753534836539475,-2.5650916926035894,-10.064189638670015,0,-2.5650916926035876,0.06035855764988149
10.52,10.400231673522738,-10.049371218911475,0.7742059770826635,-2.561314670865304,-10.049371218911446,0,-2.5613146708652863,-10.049371218911475,0.7742059770826635,-2.561314670865304,-10.049371218911446,0,-2.5613146708652863,0.06026992429967201
10.54,10.384803175810983,-10.034463640781745,0.7730518532395263,-2.5575149338999204,-10.034463640781766,0,-2.557514933899924,-10.034463640781745,0.7730518532395263,-2.5575149338999204,-10.034463640781766,0,-2.557514933899924,0.06018074605378164
10.56,10.369280731533301,-10.019465264502372,0.7718910109660042,-2.5536920646527648,-10.019465264502387,0,-2.5536920646527363,-10.019465264502372,0.7718910109660042,-2.5536920646527648,-10.019465264502387,0,-2.5536920646527363,0.06009101205927032
10.58,10.353662603496781,-10.004374409544866,0.7707233464553225,-2.5498456357006862,-10.004374409544894,0,-2.5498456357006916,-10.004374409544866,0.7707233464553225,-2.5498456357006862,-10.004374409544894,0,-2.5498456357006916,0.06000071119896553
10.6,10.337947012374084,-9.989189354630803,0.7695487532507648,-2.5459752092513064,-9.989189354630824,0,-2.5459752092512815,-9.989189354630803,0.7695487532507648,-2.5459752092513064,-9.989189354630824,0,-2.5459752092512815,0.05990983209146224
10.62,10.322132136704194,-9.973908337732354,0.7683671222471156,-2.542080337143677,-9.97390833773234,0,-2.542080337143659,-9.973908337732354,0.7683671222471156,-2.542080337143677,-9.97390833773234,0,-2.542080337143659,0.05981836309112297
10.64,10.306216112891669,-9.958529556071738,0.7671783416898079,-2.5381605608474853,-9.958529556071753,0,-2.538160560847487,-9.958529556071738,0.7671783416898079,-2.5381605608474853,-9.958529556071753,0,-2.538160560847487,0.05972629228807774
10.66,10.29026396539765,-9.943116082490647,0.7659840746358375,-2.534231843239265,-9.943116082490675,0,-2.5342318432392688,-9.943116082490647,0.7659840746358375,-2.534231843239265,-9.943116082490675,0,-2.5342318432392688,0.05963412731172283
10.68,10.274223651397637,-9.92761741699492,0.7647832415168332,-2.5302814123631077,-9.927617416994948,0,-2.5302814123631094,-9.92761741699492,0.7647832415168332,-2.5302814123631077,-9.927617416994948,0,-2.5302814123631094,0.05954145152376311
10.7,10.258093422762927,-9.912031865558305,0.7635757761755473,-2.526308838722411,-9.912031865558319,0,-2.5263088387224286,-9.912031865558305,0.7635757761755473,-2.526308838722411,-9.912031865558319,0,-2.5263088387224286,0.05944825216004765
10.72,10.241872646615398,-9.896358816088473,0.7623616389277794,-2.522313966571623,-9.89635881608855,0,-2.5223139665716303,-9.896358816088473,0.7623616389277794,-2.522313966571623,-9.89635881608855,0,-2.5223139665716303,0.05935452524734954
10.74,10.22556069007764,-9.880597656494103,0.7611407900882483,-2.518296640164614,-9.880597656494132,0,-2.518296640164621,-9.880597656494103,0.7611407900882483,-2.518296640164614,-9.880597656494132,0,-2.518296640164621,0.05926026681244187
10.76,10.209156920271283,-9.864747774682684,0.7599131899728593,-2.514256703755672,-9.86474777468267,0,-2.5142567037556347,-9.864747774682684,0.7599131899728593,-2.514256703755672,-9.86474777468267,0,-2.5142567037556347,0.059165472882097725
10.78,10.192660704318707,-9.848808558562666,0.7586787988967201,-2.510194001598732,-9.848808558562666,0,-2.5101940015987623,-9.848808558562666,0.7586787988967201,-2.510194001598732,-9.848808558562666,0,-2.5101940015987623,0.059070139483090166
10.8,10.17607140934182,-9.832779396041893,0.7574375771754807,-2.5061083779480686,-9.832779396041843,0,-2.5061083779480526,-9.832779396041893,0.7574375771754807,-2.5061083779480686,-9.832779396041843,0,-2.5061083779480526,0.05897426264219227
10.82,10.159388402462762,-9.816659675028653,0.7561894851238895,-2.5019996770575883,-9.816659675028674,0,-2.501999677057583,-9.816659675028653,0.7561894851238895,-2.5019996770575883,-9.816659675028674,0,-2.501999677057583,0.058877838386177155
10.84,10.142611050803502,-9.80044878343086,0.7549344830579079,-2.497867743181599,-9.800448783430824,0,-2.4978677431815868,-9.80044878343086,0.7549344830579079,-2.497867743181599,-9.800448783430824,0,-2.4978677431815868,0.05878086274181787
10.86,10.125738721486178,-9.784146109156765,0.7536725312927013,-2.493712420574095,-9.784146109156723,0,-2.493712420574056,-9.784146109156765,0.7536725312927013,-2.493712420574095,-9.784146109156723,0,-2.493712420574056,0.05868333173588752
10.88,10.108770781632511,-9.767751040114234,0.7524035901435093,-2.489533553489011,-9.767751040114192,0,-2.489533553489025,-9.767751040114234,0.7524035901435093,-2.489533553489011,-9.767751040114192,0,-2.489533553489025,0.05858524139515918
10.9,10.091706598364814,-9.75126296421162,0.7511276199257519,-2.485330986180699,-9.751262964211662,0,-2.4853309861807134,-9.75126296421162,0.7511276199257519,-2.485330986180699,-9.751262964211662,0,-2.4853309861807134,0.05848658774640591
10.92,10.074545538804706,-9.73468126935665,0.7498445809550223,-2.4811045629032105,-9.734681269356685,0,-2.4811045629032407,-9.73468126935665,0.7498445809550223,-2.4811045629032105,-9.734681269356685,0,-2.4811045629032407,0.05838736681640081
10.94,10.057286970074465,-9.718005343457783,0.7485544335463663,-2.476854127910599,-9.718005343457747,0,-2.476854127910599,-9.718005343457783,0.7485544335463663,-2.476854127910599,-9.718005343457747,0,-2.476854127910599,0.058287574631916965
10.96,10.039930259295737,-9.701234574422763,0.7472571380152337,-2.472579525457135,-9.701234574422685,0,-2.472579525457107,-9.701234574422763,0.7472571380152337,-2.472579525457135,-9.701234574422685,0,-2.472579525457107,0.05818720721972745
10.98,10.02247477359073,-9.684368350160035,0.7459526546771684,-2.4682805997965787,-9.68436835016,0,-2.4682805997965716,-9.684368350160035,0.7459526546771684,-2.4682805997965787,-9.68436835016,0,-2.4682805997965716,0.058086260606605364
11.0,10.004919880081154,-9.66740605857742,0.7446409438472159,-2.463957195183351,-9.66740605857747,0,-2.4639571951832977,-9.66740605857742,0.7446409438472159,-2.463957195183351,-9.66740605857747,0,-2.4639571951832977,0.05798473081932377
11.02,9.987264945888867,-9.650347087582965,0.7433219658410386,-2.459609155871437,-9.650347087582944,0,-2.4596091558713766,-9.650347087582965,0.7433219658410386,-2.459609155871437,-9.650347087582944,0,-2.4596091558713766,0.05788261388465576
11.04,9.969509338135751,-9.633190825084753,0.7419956809738668,-2.4552363261149157,-9.633190825084725,0,-2.4552363261148997,-9.633190825084753,0.7419956809738668,-2.4552363261149157,-9.633190825084725,0,-2.4552363261148997,0.057779905829374374
11.06,9.95165242394399,-9.615936658991195,0.7406620495610245,-2.450838550167873,-9.615936658991174,0,-2.4508385501678873,-9.615936658991195,0.7406620495610245,-2.450838550167873,-9.615936658991174,0,-2.4508385501678873,0.05767660268025276
11.08,9.93369357043525,-9.598583977210097,0.739321031917962,-2.4464156722845445,-9.598583977210126,0,-2.446415672284516,-9.598583977210097,0.739321031917962,-2.4464156722845445,-9.598583977210126,0,-2.446415672284516,0.05757270046406397
11.1,9.915632144731017,-9.581132167649223,0.7379725883599586,-2.4419675367187885,-9.581132167649244,0,-2.4419675367188063,-9.581132167649223,0.7379725883599586,-2.4419675367187885,-9.581132167649244,0,-2.4419675367188063,0.057468195207581084
11.12,9.897467513953954,-9.5635806182174,0.7366166792023505,-2.4374939877249346,-9.5635806182174,0,-2.437493987724892,-9.5635806182174,0.7366166792023505,-2.4374939877249346,-9.5635806182174,0,-2.437493987724892,0.057363082937577164
11.14,9.879199045225556,-9.545928716822317,0.7352532647606891,-2.432994869557067,-9.545928716822289,0,-2.432994869557092,-9.545928716822317,0.7352532647606891,-2.432994869557067,-9.545928716822289,0,-2.432994869557092,0.057257359680825334
11.16,9.860826105667236,-9.528175851371628,0.7338823053501402,-2.428470026469144,-9.528175851371543,0,-2.4284700264690855,-9.528175851371628,0.7338823053501402,-2.428470026469144,-9.528175851371543,0,-2.4284700264690855,0.05715102146409865
11.18,9.842348062401705,-9.51032140977425,0.7325037612861331,-2.4239193027153227,-9.510321409774221,0,-2.4239193027153902,-9.51032140977425,0.7325037612861331,-2.4239193027153227,-9.510321409774221,0,-2.4239193027153902,0.057044064314170195
11.2,9.823764282550481,-9.492364779937837,0.7311175928839817,-2.419342542549943,-9.492364779937859,0,-2.4193425425499697,-9.492364779937837,0.7311175928839817,-2.419342542549943,-9.492364779937859,0,-2.4193425425499697,0.05693648425781305
11.22,9.805074133235202,-9.474305349770283,0.7297237604591107,-2.414739590226766,-9.474305349770347,0,-2.414739590226773,-9.474305349770283,0.7297237604591107,-2.414739590226766,-9.474305349770347,0,-2.414739590226773,0.05682827732180032
11.24,9.786276981578043,-9.456142507179905,0.7283222243270329,-2.410110290000029,-9.456142507179976,0,-2.4101102900000058,-9.456142507179905,0.7283222243270329,-2.410110290000029,-9.456142507179976,0,-2.4101102900000058,0.056719439532905064
11.26,9.767372194700851,-9.437875640074722,0.7269129448028733,-2.4054544861238742,-9.437875640074722,0,-2.4054544861238725,-9.437875640074722,0.7269129448028733,-2.4054544861238742,-9.437875640074722,0,-2.4054544861238725,0.05660996691790035
11.28,9.748359139725586,-9.419504136362903,0.7254958822017752,-2.400772022852262,-9.419504136362903,0,-2.4007720228522373,-9.419504136362903,0.7254958822017752,-2.400772022852262,-9.419504136362903,0,-2.4007720228522373,0.05649985550355929
11.3,9.729237183774206,-9.401027383952432,0.7240709968397505,-2.39606274443949,-9.40102738395241,0,-2.3960627444394618,-9.401027383952432,0.7240709968397505,-2.39606274443949,-9.40102738395241,0,-2.3960627444394618,0.056389101316654935
11.32,9.71000569396875,-9.38244477075153,0.7226382490317111,-2.391326495139543,-9.382444770751519,0,-2.391326495139566,-9.38244477075153,0.7226382490317111,-2.391326495139543,-9.382444770751519,0,-2.391326495139566,0.05627770038396042
11.34,9.690664037431056,-9.36375568466811,0.7211975990930712,-2.386563119206535,-9.36375568466812,0,-2.3865631192064853,-9.36375568466811,0.7211975990930712,-2.386563119206535,-9.36375568466812,0,-2.3865631192064853,0.05616564873224877
11.36,9.671211581283167,-9.344959513610227,0.7197490073392667,-2.381772460894773,-9.344959513610306,0,-2.3817724608947515,-9.344959513610227,0.7197490073392667,-2.381772460894773,-9.344959513610306,0,-2.3817724608947515,0.056052942388293094
11.38,9.651647692647092,-9.326055645486012,0.7182924340855288,-2.376954364458049,-9.32605564548605,0,-2.376954364458058,-9.326055645486012,0.7182924340855288,-2.376954364458049,-9.32605564548605,0,-2.376954364458058,0.05593957737886645
11.4,9.631971738645202,-9.307043468203823,0.7168278396474568,-2.3721086741504536,-9.307043468203801,0,-2.3721086741505246,-9.307043468203823,0.7168278396474568,-2.3721086741504536,-9.307043468203801,0,-2.3721086741505246,0.05582554973074197
11.42,9.612183086399277,-9.287922369671389,0.7153551843400456,-2.367235234226291,-9.287922369671364,0,-2.367235234226328,-9.287922369671389,0.7153551843400456,-2.367235234226291,-9.287922369671364,0,-2.367235234226328,0.055710855470692676
11.44,9.592281103031606,-9.268691737796853,0.7138744284791163,-2.3623338889397907,-9.268691737796786,0,-2.3623338889397445,-9.268691737796853,0.7138744284791163,-2.3623338889397907,-9.268691737796786,0,-2.3623338889397445,0.0555954906254917
11.46,9.572265155664253,-9.249350960488293,0.7123855323796855,-2.3574044825446627,-9.2493509604883,0,-2.3574044825446663,-9.249350960488293,0.7123855323796855,-2.3574044825446627,-9.2493509604883,0,-2.3574044825446663,0.05547945122191207
11.48,9.552134611419696,-9.229899425653976,0.7108884563572042,-2.352446859295233,-9.229899425653983,0,-2.3524468592952417,-9.229899425653976,0.7108884563572042,-2.352446859295233,-9.229899425653983,0,-2.3524468592952417,0.05536273328672693
11.5,9.531888837419983,-9.210336521201686,0.7093831607272794,-2.347460863445704,-9.210336521201668,0,-2.347460863445775,-9.210336521201686,0.7093831607272794,-2.347460863445704,-9.210336521201668,0,-2.347460863445775,0.05524533284670933
11.52,9.511527200787633,-9.19066163503977,0.7078696058048282,-2.342446339250017,-9.190661635039731,0,-2.342446339250003,-9.19066163503977,0.7078696058048282,-2.342446339250017,-9.190661635039731,0,-2.342446339250003,0.05512724592863234
11.54,9.491049068644962,-9.17087415507622,0.7063477519053993,-2.3374031309622367,-9.170874155076206,0,-2.337403130962244,-9.17087415507622,0.7063477519053993,-2.3374031309622367,-9.170874155076206,0,-2.337403130962244,0.055008468559269046
11.56,9.470453808114446,-9.150973469219085,0.7048175593445016,-2.3323310828366104,-9.150973469219082,0,-2.3323310828366033,-9.150973469219085,0.7048175593445016,-2.3323310828366104,-9.150973469219082,0,-2.3323310828366033,0.05488899676539257
11.58,9.449740786318586,-9.130958965376472,0.7032789884373587,-2.3272300391271052,-9.13095896537638,0,-2.3272300391270875,-9.130958965376472,0.7032789884373587,-2.3272300391271052,-9.13095896537638,0,-2.3272300391270875,0.054768826573775936
11.6,9.428909370379987,-9.110830031456452,0.7017319994993056,-2.3220998440879477,-9.11083003145653,0,-2.322099844088001,-9.110830031456452,0.7017319994993056,-2.3220998440879477,-9.11083003145653,0,-2.322099844088001,0.05464795401119226
11.62,9.407958927421273,-9.090586055367051,0.7001765528459156,-2.3169403419732095,-9.09058605536707,0,-2.3169403419731935,-9.090586055367051,0.7001765528459156,-2.3169403419732095,-9.09058605536707,0,-2.3169403419731935,0.05452637510441462
11.64,9.38688882456527,-9.070226425016486,0.6986126087921476,-2.311751377036938,-9.070226425016386,0,-2.3117513770369413,-9.070226425016486,0.6986126087921476,-2.311751377036938,-9.070226425016386,0,-2.3117513770369413,0.054404085880216085
11.66,9.36569842893462,-9.049750528312572,0.6970401276538438,-2.3065327935333784,-9.049750528312558,0,-2.3065327935333926,-9.049750528312572,0.6970401276538438,-2.3065327935333784,-9.049750528312558,0,-2.3065327935333926,0.05428108236536974
11.68,9.344387107652551,-9.029157753163826,0.6954590697459486,-2.301284435716365,-9.029157753163744,0,-2.301284435716383,-9.029157753163826,0.6954590697459486,-2.301284435716365,-9.029157753163744,0,-2.301284435716383,0.054157360586648697
11.7,9.322954227841784,-9.008447487477934,0.6938693953840849,-2.2960061478402967,-9.008447487477952,0,-2.296006147840231,-9.008447487477934,0.6938693953840849,-2.2960061478402967,-9.008447487477952,0,-2.296006147840231,0.054032916570825984
11.72,9.301399156625447,-8.987619119163071,0.6922710648834607,-2.290697774159069,-8.9876191191631,0,-2.2906977741590424,-8.987619119163071,0.6922710648834607,-2.290697774159069,-8.9876191191631,0,-2.2906977741590424,0.05390774634467473
11.74,9.279721261126976,-8.966672036127555,0.690664038559555,-2.2853591589267754,-8.966672036127562,0,-2.285359158926724,-8.966672036127555,0.690664038559555,-2.2853591589267754,-8.966672036127562,0,-2.285359158926724,0.053781845934967994
11.76,9.257919908469539,-8.945605626279253,0.6890482767278043,-2.2799901463977417,-8.945605626279288,0,-2.2799901463977506,-8.945605626279253,0.6890482767278043,-2.2799901463977417,-8.945605626279288,0,-2.2799901463977506,0.05365521136847886
11.78,9.235994465776413,-8.924419277526145,0.6874237397033469,-2.2745905808259366,-8.924419277526127,0,-2.2745905808259437,-8.924419277526145,0.6874237397033469,-2.2745905808259366,-8.924419277526127,0,-2.2745905808259437,0.05352783867198043
11.8,9.213944300171084,-8.903112377776296,0.6857903878015894,-2.269160306465267,-8.903112377776296,0,-2.269160306465267,-8.903112377776296,0.6857903878015894,-2.269160306465267,-8.903112377776296,0,-2.269160306465267,0.053399723872245744
11.82,9.191768778777757,-8.88168431493822,0.6841481813381538,-2.263699167570202,-8.881684314938198,0,-2.263699167570209,-8.88168431493822,0.6841481813381538,-2.263699167570202,-8.881684314938198,0,-2.263699167570209,0.05327086299604792
11.84,9.169467268719789,-8.86013447691964,0.6824970806279649,-2.2582070083946046,-8.860134476919683,0,-2.2582070083946064,-8.86013447691964,0.6824970806279649,-2.2582070083946046,-8.860134476919683,0,-2.2582070083946064,0.05314125207016002
11.86,9.147039137121215,-8.838462251628691,0.6808370459868489,-2.2526836731925854,-8.838462251628684,0,-2.2526836731925926,-8.838462251628691,0.6808370459868489,-2.2526836731925854,-8.838462251628684,0,-2.2526836731925926,0.05301088712135514
11.88,9.12448375110597,-8.816667026973292,0.6791680377297666,-2.247129006218401,-8.81666702697332,0,-2.24712900621833,-8.816667026973292,0.6791680377297666,-2.247129006218401,-8.81666702697332,0,-2.24712900621833,0.052879764176406344
11.9,9.101800477798765,-8.794748190862034,0.677490016172233,-2.2415428517260008,-8.794748190862009,0,-2.2415428517259386,-8.794748190862034,0.677490016172233,-2.2415428517260008,-8.794748190862009,0,-2.2415428517259386,0.05274787926208674
11.92,9.078988684323463,-8.772705131202422,0.6758029416297333,-2.235925053969577,-8.7727051312024,0,-2.2359250539696234,-8.772705131202422,0.6758029416297333,-2.235925053969577,-8.7727051312024,0,-2.2359250539696234,0.0526152284051694
11.94,9.056047737804818,-8.75053723590274,0.6741067744175124,-2.2302754572032217,-8.750537235902783,0,-2.2302754572032484,-8.75053723590274,0.6741067744175124,-2.2302754572032217,-8.750537235902783,0,-2.2302754572032484,0.05248180763242738
11.96,9.032977005367602,-8.72824389287113,0.6724014748509983,-2.22459390568093,-8.72824389287129,0,-2.224593905680905,-8.72824389287113,0.6724014748509983,-2.22459390568093,-8.72824389287129,0,-2.224593905680905,0.05234761297063378
11.98,9.008183129609982,-8.704286395588621,0.6705566325128838,-2.218487810335416,-8.704286395588682,0,-2.218487810335418,-8.704286395588621,0.6705566325128838,-2.218487810335416,-8.704286395588682,0,-2.218487810335418,0.05220389642125808
12.0,8.983178518848472,-8.680125296794213,0.6686957852608137,-2.212329811237584,-8.680125296794202,0,-2.212329811237609,-8.680125296794213,0.6686957852608137,-2.212329811237584,-8.680125296794202,0,-2.212329811237609,0.05205897172111331
12.02,8.958008273644104,-8.655804150392044,0.6668226210434356,-2.2061310207111333,-8.65580415039203,0,-2.2061310207111333,-8.655804150392044,0.6668226210434356,-2.2061310207111333,-8.65580415039203,0,-2.2061310207111333,0.05191308662397726
12.04,8.93267239399673,-8.631322956381936,0.6649371398610433,-2.199891438756028,-8.631322956381851,0,-2.199891438756069,-8.631322956381936,0.6649371398610433,-2.199891438756028,-8.631322956381851,0,-2.199891438756069,0.05176624112984986
12.06,8.907170879906317,-8.60668171476389,0.6630393417132767,-2.1936110653722416,-8.60668171476388,0,-2.193611065372288,-8.60668171476389,0.6630393417132767,-2.1936110653722416,-8.60668171476388,0,-2.193611065372288,0.05161843523873115
12.08,8.881503731372835,-8.581880425537811,0.6611292266004547,-2.187289900559927,-8.581880425537776,0,-2.187289900559904,-8.581880425537811,0.6611292266004547,-2.187289900559927,-8.581880425537776,0,-2.187289900559904,0.05146966895062113
12.1,8.855670948396352,-8.556919088703832,0.6592067945223703,-2.180927944318867,-8.556919088703893,0,-2.180927944318931,-8.556919088703832,0.6592067945223703,-2.180927944318867,-8.556919088703893,0,-2.180927944318931,0.05131994226551978
12.12,8.829672530976822,-8.531797704261834,0.6572720454791514,-2.17452519664932,-8.531797704261876,0,-2.1745251966493555,-8.531797704261834,0.6572720454791514,-2.17452519664932,-8.531797704261876,0,-2.1745251966493555,0.05116925518342711
12.14,8.803508479114383,-8.506516272211993,0.6553249794707847,-2.168081657551129,-8.506516272211996,0,-2.1680816575510775,-8.506516272211993,0.6553249794707847,-2.168081657551129,-8.506516272211996,0,-2.1680816575510775,0.05101760770434313
12.16,8.777178792808984,-8.481074792554253,0.6533655964972529,-2.1615973270242943,-8.481074792554253,0,-2.1615973270242748,-8.481074792554253,0.6533655964972529,-2.1615973270242943,-8.481074792554253,0,-2.1615973270242748,0.050864999828267816
12.18,8.750683472060405,-8.455473265288415,0.6513938965584547,-2.1550722050687323,-8.455473265288333,0,-2.155072205068734,-8.455473265288415,0.6513938965584547,-2.1550722050687323,-8.455473265288333,0,-2.155072205068734,0.05071143155520121
12.2,8.724022516868956,-8.429711690414717,0.6494098796546148,-2.1485062916846775,-8.42971169041482,0,-2.148506291684704,-8.429711690414717,0.6494098796546148,-2.1485062916846775,-8.42971169041482,0,-2.148506291684704,0.05055690288514327
12.22,8.697195927234507,-8.403790067933095,0.6474135457854673,-2.1418995868719275,-8.403790067933087,0,-2.141899586871922,-8.403790067933095,0.6474135457854673,-2.1418995868719275,-8.403790067933087,0,-2.141899586871922,0.050401413818094015
12.24,8.67020370315711,-8.377708397843584,0.6454048949512186,-2.135252090630461,-8.377708397843563,0,-2.1352520906305017,-8.377708397843584,0.6454048949512186,-2.135252090630461,-8.377708397843563,0,-2.1352520906305017,0.05024496435405344
12.26,8.643045844636621,-8.35146668014599,0.6433839271516506,-2.1285638029605405,-8.35146668014599,0,-2.128563802960578,-8.35146668014599,0.6433839271516506,-2.1285638029605405,-8.35146668014599,0,-2.128563802960578,0.05008755449302155
12.28,8.615722351673202,-8.325064914840521,0.6413506423870441,-2.121834723861875,-8.325064914840496,0,-2.1218347238618875,-8.325064914840521,0.6413506423870441,-2.121834723861875,-8.325064914840496,0,-2.1218347238618875,0.04992918423499834
12.3,8.588233224266745,-8.298503101927036,0.6393050406572085,-2.1150648533346104,-8.298503101927011,0,-2.115064853334566,-8.298503101927036,0.6393050406572085,-2.1150648533346104,-8.298503101927011,0,-2.115064853334566,0.0497698535799838
12.32,8.560578462417457,-8.271781241405765,0.6372471219622744,-2.10825419137867,-8.271781241405805,0,-2.1082541913786628,-8.271781241405765,0.6372471219622744,-2.10825419137867,-8.271781241405805,0,-2.1082541913786628,0.049609562527977956
12.34,8.532758066125012,-8.244899333276319,0.6351768863020499,-2.1014027379942775,-8.244899333276386,0,-2.101402737994242,-8.244899333276319,0.6351768863020499,-2.1014027379942775,-8.244899333276386,0,-2.101402737994242,0.049448311078980796
12.36,8.504772035389914,-8.217857377539275,0.6330943336767945,-2.0945104931811045,-8.21785737753926,0,-2.0945104931811187,-8.217857377539275,0.6330943336767945,-2.0945104931811045,-8.21785737753926,0,-2.0945104931811187,0.049286099232992306
12.38,8.476620370211588,-8.190655374194005,0.6309994640862446,-2.0875774569393535,-8.190655374194066,0,-2.087577456939364,-8.190655374194005,0.6309994640862446,-2.0875774569393535,-8.190655374194066,0,-2.087577456939364,0.049122926990012486
12.4,8.448303070590498,-8.163293323241003,0.6288922775304235,-2.080603629268948,-8.163293323241035,0,-2.0806036292689285,-8.163293323241003,0.6288922775304235,-2.080603629268948,-8.163293323241035,0,-2.0806036292689285,0.04895879435004137
12.42,8.419820136526253,-8.135771224679832,0.6267727740095674,-2.0735890101699237,-8.135771224679836,0,-2.073589010169954,-8.135771224679832,0.6267727740095674,-2.0735890101699237,-8.135771224679836,0,-2.073589010169954,0.048793701313078926
12.44,8.391171568019098,-8.108089078510748,0.6246409535235173,-2.0665335996422893,-8.108089078510808,0,-2.066533599642227,-8.108089078510748,0.6246409535235173,-2.0665335996422893,-8.108089078510808,0,-2.066533599642227,0.04862764787912517
12.46,8.362357365069109,-8.080246884733842,0.622496816072279,-2.0594373976859774,-8.080246884733825,0,-2.059437397685926,-8.080246884733842,0.622496816072279,-2.0594373976859774,-8.080246884733825,0,-2.059437397685926,0.04846063404818009
12.48,8.333377527676106,-8.05224464334891,0.6203403616557979,-2.052300404301066,-8.052244643348843,0,-2.0523004043010786,-8.05224464334891,0.6203403616557979,-2.052300404301066,-8.052244643348843,0,-2.0523004043010786,0.048292659820243694
12.5,8.30423205584017,-8.024082354356022,0.6181715902742817,-2.0451226194875094,-8.024082354356082,0,-2.0451226194875076,-8.024082354356022,0.6181715902742817,-2.0451226194875094,-8.024082354356082,0,-2.0451226194875076,0.04812372519531599
12.52,8.274920949561434,-7.995760017755291,0.6159905019276173,-2.0379040432454065,-7.995760017755288,0,-2.0379040432453834,-7.995760017755291,0.6159905019276173,-2.0379040432454065,-7.995760017755288,0,-2.0379040432453834,0.047953830173396945
12.54,8.245444208839647,-7.967277633546516,0.6137970966154844,-2.0306446755746244,-7.967277633546573,0,-2.0306446755746848,-7.967277633546516,0.6137970966154844,-2.0306446755746244,-7.967277633546573,0,-2.0306446755746848,0.04778297475448659
12.56,8.215801833674995,-7.938635201729863,0.6115913743383112,-2.0233445164751043,-7.938635201729852,0,-2.0233445164751487,-7.938635201729863,0.6115913743383112,-2.0233445164751043,-7.938635201729852,0,-2.0233445164751487,0.047611158938584926
12.58,8.18599382406746,-7.909832722305232,0.6093733350960777,-2.016003565947127,-7.909832722305197,0,-2.016003565947166,-7.909832722305232,0.6093733350960777,-2.016003565947127,-7.909832722305197,0,-2.016003565947166,0.04743838272569193
12.6,8.156020180016974,-7.880870195272649,0.6071429788885481,-2.008621823990403,-7.880870195272728,0,-2.008621823990417,-7.880870195272649,0.6071429788885481,-2.008621823990403,-7.880870195272728,0,-2.008621823990417,0.047264646115807635
12.62,8.12588090152377,-7.851747620632274,0.6049003057159572,-2.001199290605115,-7.851747620632253,0,-2.0011992906051717,-7.851747620632274,0.6049003057159572,-2.001199290605115,-7.851747620632253,0,-2.0011992906051717,0.047089949108932
12.64,8.095575988587433,-7.822464998383715,0.6026453155780418,-1.9937359657911813,-7.822464998383687,0,-1.9937359657911813,-7.822464998383715,0.6026453155780418,-1.9937359657911813,-7.822464998383687,0,-1.9937359657911813,0.04691429170506506
12.66,8.065105441208363,-7.79302232852735,0.6003780084750137,-1.9862318495486555,-7.793022328527364,0,-1.986231849548588,-7.79302232852735,0.6003780084750137,-1.9862318495486555,-7.793022328527364,0,-1.986231849548588,0.0467376739042068
12.68,8.034469259386398,-7.763419611063021,0.5980983844068062,-1.9786869418774824,-7.763419611062943,0,-1.9786869418774842,-7.763419611063021,0.5980983844068062,-1.9786869418774824,-7.763419611062943,0,-1.9786869418774842,0.046560095706357225
12.7,8.003667443121413,-7.7336568459906125,0.5958064433733639,-1.971101242777614,-7.733656845990616,0,-1.9711012427776424,-7.7336568459906125,0.5958064433733639,-1.971101242777614,-7.733656845990616,0,-1.9711012427776424,0.046381557111516314
12.72,7.9726999924138715,-7.703734033310528,0.5935021853748315,-1.9634747522492457,-7.703734033310553,0,-1.9634747522492404,-7.703734033310528,0.5935021853748315,-1.9634747522492457,-7.703734033310553,0,-1.9634747522492404,0.04620205811968409
12.74,7.941566907263365,-7.673651173022424,0.5911856104110682,-1.955807470292104,-7.673651173022385,0,-1.9558074702920933,-7.673651173022424,0.5911856104110682,-1.955807470292104,-7.673651173022385,0,-1.9558074702920933,0.04602159873086056
12.76,7.91026818766993,-7.643408265126258,0.5888567184822038,-1.9480993969064198,-7.643408265126176,0,-1.948099396906393,-7.643408265126258,0.5888567184822038,-1.9480993969064198,-7.643408265126176,0,-1.948099396906393,0.04584017894504572
12.78,7.878803833633781,-7.613005309622281,0.5865155095879979,-1.9403505320921202,-7.613005309622295,0,-1.9403505320921397,-7.613005309622281,0.5865155095879979,-1.9403505320921202,-7.613005309622295,0,-1.9403505320921397,0.04565779876223953
12.8,7.847173845154703,-7.582442306510245,0.5841619837287526,-1.9325608758491803,-7.582442306510231,0,-1.9325608758491768,-7.582442306510245,0.5841619837287526,-1.9325608758491803,-7.582442306510231,0,-1.9325608758491768,0.045474458182442036
12.82,7.815378222232777,-7.551719255790214,0.5817961409043289,-1.9247304281776874,-7.551719255790275,0,-1.9247304281776394,-7.551719255790214,0.5817961409043289,-1.9247304281776874,-7.551719255790275,0,-1.9247304281776394,0.045290157205653235
12.84,7.783416964868138,-7.520836157462355,0.579417981114791,-1.916859189077476,-7.520836157462398,0,-1.9168591890774351,-7.520836157462355,0.579417981114791,-1.916859189077476,-7.520836157462398,0,-1.9168591890774351,0.04510489583187311
12.86,7.751290073060579,-7.489793011526448,0.5770275043599478,-1.908947158548603,-7.489793011526416,0,-1.9089471585486066,-7.489793011526448,0.5770275043599478,-1.908947158548603,-7.489793011526416,0,-1.9089471585486066,0.044918674061101664
12.88,7.718997546810292,-7.45858981798267,0.5746247106398918,-1.9009943365910758,-7.45858981798272,0,-1.9009943365910615,-7.45858981798267,0.5746247106398918,-1.9009943365910758,-7.45858981798272,0,-1.9009943365910615,0.04473149189333889
12.9,7.686539386117227,-7.427226576830915,0.5722095999548085,-1.893000723205006,-7.427226576830925,0,-1.89300072320502,-7.427226576830915,0.5722095999548085,-1.893000723205006,-7.427226576830925,0,-1.89300072320502,0.044543349328584815
12.92,7.653915590981537,-7.395703288071381,0.5697821723044108,-1.8849663183902994,-7.395703288071381,0,-1.8849663183902692,-7.395703288071381,0.5697821723044108,-1.8849663183902994,-7.395703288071381,0,-1.8849663183902692,0.044354246366839406
12.94,7.621126161402937,-7.3640199517037495,0.5673424276888226,-1.8768911221469562,-7.364019951703781,0,-1.8768911221469224,-7.3640199517037495,0.5673424276888226,-1.8768911221469562,-7.364019951703781,0,-1.8768911221469224,0.04416418300810269
12.96,7.588171097381565,-7.332176567728133,0.5648903661082234,-1.8687751344750119,-7.332176567728119,0,-1.8687751344750652,-7.332176567728133,0.5648903661082234,-1.8687751344750119,-7.332176567728119,0,-1.8687751344750652,0.04397315925237464
12.98,7.555050398917589,-7.300173136144728,0.5624259875623063,-1.8606183553744184,-7.300173136144728,0,-1.8606183553744344,-7.300173136144728,0.5624259875623063,-1.8606183553744184,-7.300173136144728,0,-1.8606183553744344,0.04378117509965529
13.0,7.5217640660108795,-7.268009656953378,0.5599492920512268,-1.8524207848451848,-7.268009656953339,0,-1.8524207848451653,-7.268009656953378,0.5599492920512268,-1.8524207848451848,-7.268009656953339,0,-1.8524207848451653,0.04358823054994462
13.02,7.488312098661314,-7.2356861301539475,0.5574602795749679,-1.844182422887286,-7.235686130153958,0,-1.8441824228873003,-7.2356861301539475,0.5574602795749679,-1.844182422887286,-7.235686130153958,0,-1.8441824228873003,0.04339432560324262
13.04,7.454694496869178,-7.203202555746703,0.5549589501335244,-1.835903269500804,-7.203202555746657,0,-1.8359032695007684,-7.203202555746703,0.5549589501335244,-1.835903269500804,-7.203202555746657,0,-1.8359032695007684,0.0431994602595493
13.06,7.420911260634282,-7.170558933731449,0.5524453037269432,-1.8275833246856656,-7.170558933731371,0,-1.827583324685591,-7.170558933731449,0.5524453037269432,-1.8275833246856656,-7.170558933731371,0,-1.827583324685591,0.04300363451886467
13.08,7.38696238995661,-7.137755264108126,0.5499193403552254,-1.8192225884419884,-7.137755264108108,0,-1.8192225884419955,-7.137755264108126,0.5499193403552254,-1.8192225884419884,-7.137755264108108,0,-1.8192225884419955,0.04280684838118872
13.1,7.352847884836439,-7.1047915468770775,0.5473810600181896,-1.8108210607695625,-7.104791546876996,0,-1.8108210607695838,-7.1047915468770775,0.5473810600181896,-1.8108210607695625,-7.104791546876996,0,-1.8108210607695838,0.042609101846521454
13.12,7.3185677452734765,-7.071667782037913,0.544830462716082,-1.802378741668596,-7.071667782037956,0,-1.802378741668612,-7.071667782037913,0.544830462716082,-1.802378741668596,-7.071667782037956,0,-1.802378741668612,0.042410394914862856
13.14,7.284121971267963,-7.0383839695909245,0.5422675484486987,-1.7938956311389394,-7.03838396959101,0,-1.7938956311389518,-7.0383839695909245,0.5422675484486987,-1.7938956311389394,-7.03838396959101,0,-1.7938956311389518,0.042210727586212964
13.16,7.249510562819861,-7.004940109535987,0.5396923172163244,-1.7853717291807687,-7.004940109535909,0,-1.785371729180774,-7.004940109535987,0.5396923172163244,-1.7853717291807687,-7.004940109535909,0,-1.785371729180774,0.04201009986057174
13.18,7.214733519928982,-6.971336201872976,0.5371047690186099,-1.776807035793869,-6.971336201873065,0,-1.7768070357938512,-6.971336201872976,0.5371047690186099,-1.776807035793869,-6.971336201873065,0,-1.7768070357938512,0.04180851173793921
13.2,7.1797908425955725,-6.937572246602098,0.5345049038557357,-1.7682015509783184,-6.937572246602137,0,-1.768201550978283,-6.937572246602098,0.5345049038557357,-1.7682015509783184,-6.937572246602137,0,-1.768201550978283,0.04160596321831532
13.22,7.1446825308197015,-6.9036482437233815,0.5318927217276967,-1.7595552747342147,-6.903648243723389,0,-1.7595552747342111,-6.9036482437233815,0.5318927217276967,-1.7595552747342147,-6.903648243723389,0,-1.7595552747342111,0.04140245430170015
13.24,7.109408584601194,-6.869564193236659,0.5292682226344989,-1.7508682070614512,-6.869564193236592,0,-1.7508682070614228,-6.869564193236659,0.5292682226344989,-1.7508682070614512,-6.869564193236592,0,-1.7508682070614228,0.041197984988093656
13.26,7.07396900394001,-6.835320095141867,0.5266314065761244,-1.7421403479600581,-6.835320095141945,0,-1.7421403479600528,-6.835320095141867,0.5266314065761244,-1.7421403479600581,-6.835320095141945,0,-1.7421403479600528,0.04099255527749585
13.28,7.03836378883644,-6.80091594943929,0.5239822735525652,-1.733371697430023,-6.8009159494393,0,-1.7333716974300373,-6.80091594943929,0.5239822735525652,-1.733371697430023,-6.8009159494393,0,-1.7333716974300373,0.0407861651699067
13.3,7.001312029139015,-6.76511429951152,0.5212222174309429,-1.7242467724058521,-6.765114299511509,0,-1.7242467724058628,-6.76511429951152,0.5212222174309429,-1.7242467724058521,-6.765114299511509,0,-1.7242467724058628,0.0405715247992929
13.32,6.964006017565453,-6.729066990795559,0.5184430224586274,-1.71505922983218,-6.729066990795495,0,-1.715059229832157,-6.729066990795559,0.5184430224586274,-1.71505922983218,-6.729066990795495,0,-1.715059229832157,0.0403554196955946
13.34,6.926494637596736,-6.692821248451423,0.5156484517495068,-1.7058211095156768,-6.692821248451445,0,-1.7058211095157034,-6.692821248451423,0.5156484517495068,-1.7058211095156768,-6.692821248451445,0,-1.7058211095157034,0.04013812806257802
13.36,6.888777889233181,-6.656377072479316,0.5128385053038853,-1.6965324114563387,-6.656377072479344,0,-1.6965324114563671,-6.656377072479316,0.5128385053038853,-1.6965324114563387,-6.656377072479344,0,-1.6965324114563671,0.03991964990024317
13.38,6.850855772474673,-6.619734462879055,0.5100131831214831,-1.6871931356540717,-6.619734462879109,0,-1.68719313565407,-6.619734462879055,0.5100131831214831,-1.6871931356540717,-6.619734462879109,0,-1.68719313565407,0.03969998520859001
13.4,6.812728287321571,-6.582893419650851,0.5071724852024828,-1.6778032821089948,-6.582893419650816,0,-1.6778032821090179,-6.582893419650851,0.5071724852024828,-1.6778032821089948,-6.582893419650816,0,-1.6778032821090179,0.03947913398761861
13.42,6.774395433773693,-6.545853942794416,0.5043164115468546,-1.6683628508210155,-6.545853942794487,0,-1.6683628508210333,-6.545853942794416,0.5043164115468546,-1.6683628508210155,-6.545853942794487,0,-1.6683628508210333,0.03925709623732891
13.44,6.735857211831256,-6.508616032309824,0.5014449621545776,-1.6588718417902317,-6.508616032309867,0,-1.6588718417902228,-6.508616032309824,0.5014449621545776,-1.6588718417902317,-6.508616032309867,0,-1.6588718417902228,0.03903387195772095
13.46,6.697113621494655,-6.471179688197367,0.4985581370256682,-1.649330255016542,-6.471179688197296,0,-1.6493302550165083,-6.471179688197367,0.4985581370256682,-1.649330255016542,-6.471179688197296,0,-1.6493302550165083,0.038809461148794674
13.48,6.658164662763681,-6.433544910456682,0.495655936160043,-1.6397380904999945,-6.43354491045671,0,-1.6397380905000034,-6.433544910456682,0.495655936160043,-1.6397380904999945,-6.43354491045671,0,-1.6397380905000034,0.038583863810550144
13.5,6.619010335638711,-6.395711699087986,0.49273835955771617,-1.6300953482406566,-6.395711699088061,0,-1.630095348240637,-6.395711699087986,0.49273835955771617,-1.6300953482406566,-6.395711699088061,0,-1.630095348240637,0.03835707994298734
13.52,6.57965064011986,-6.357680054091254,0.4898054072188609,-1.6204020282383986,-6.357680054091205,0,-1.6204020282384164,-6.357680054091254,0.4898054072188609,-1.6204020282383986,-6.357680054091205,0,-1.6204020282384164,0.03812910954610626
13.54,6.540085576207174,-6.319449975466352,0.4868570791433622,-1.6106581304933059,-6.3194499754663696,0,-1.6106581304932988,-6.319449975466352,0.4868570791433622,-1.6106581304933059,-6.3194499754663696,0,-1.6106581304932988,0.037899952619906876
13.56,6.500315143900901,-6.281021463213406,0.48389337533102017,-1.6008636550052593,-6.281021463213392,0,-1.600863655005277,-6.281021463213406,0.48389337533102017,-1.6008636550052593,-6.281021463213392,0,-1.600863655005277,0.03766960916438923
13.58,6.458490483039312,-6.240607896808097,0.4807784642414097,-1.5905632888828052,-6.2406078968081005,0,-1.5905632888828194,-6.240607896808097,0.4807784642414097,-1.5905632888828052,-6.2406078968081005,0,-1.5905632888828194,0.03742729132787121
13.6,6.416209710808133,-6.199753594758484,0.47762975590039125,-1.5801505953452235,-6.199753594758548,0,-1.5801505953452306,-6.199753594758484,0.47762975590039125,-1.5801505953452235,-6.199753594758548,0,-1.5801505953452306,0.037182323910324694
13.62,6.373475988239164,-6.158461611684128,0.47444748254180524,-1.569626352849884,-6.158461611684146,0,-1.569626352849859,-6.158461611684128,0.47444748254180524,-1.569626352849884,-6.158461611684146,0,-1.569626352849859,0.03693472535594839
13.64,6.330289315332541,-6.116731947585247,0.4712316441657607,-1.5589905613967971,-6.116731947585265,0,-1.558990561396783,-6.116731947585247,0.4712316441657607,-1.5589905613967971,-6.116731947585265,0,-1.558990561396783,0.036684495664742335
13.66,6.2866496920880115,-6.074564602461674,0.46798224077214257,-1.5482432209859827,-6.074564602461614,0,-1.5482432209859667,-6.074564602461674,0.46798224077214257,-1.5482432209859827,-6.074564602461614,0,-1.5482432209859667,0.03643163483670653
13.68,6.2425571185054745,-6.031959576313412,0.4646992723610437,-1.537384331617254,-6.031959576313447,0,-1.5373843316172398,-6.031959576313412,0.4646992723610437,-1.537384331617254,-6.031959576313447,0,-1.5373843316172398,0.03617614287184094
13.7,6.19801159458504,-5.988916869140571,0.4613827389324372,-1.5264138932908775,-5.988916869140539,0,-1.526413893290858,-5.988916869140571,0.4613827389324372,-1.5264138932908775,-5.988916869140539,0,-1.526413893290858,0.03591801977014556
13.72,6.153013120326501,-5.945436480943059,0.45803264048629067,-1.515331906006569,-5.945436480943037,0,-1.5153319060065726,-5.945436480943059,0.45803264048629067,-1.515331906006569,-5.945436480943037,0,-1.5153319060065726,0.03565726553162044
13.74,6.1075616957298475,-5.901518411720808,0.45464897702265983,-1.5041383697646724,-5.901518411720886,0,-1.5041383697646538,-5.901518411720808,0.45464897702265983,-1.5041383697646724,-5.901518411720886,0,-1.5041383697646538,0.035393880156265566
13.76,6.061657320795254,-5.857162661474099,0.451231748541441,-1.4928332845649122,-5.857162661474035,0,-1.4928332845649024,-5.857162661474099,0.451231748541441,-1.4928332845649122,-5.857162661474035,0,-1.4928332845649024,0.03512786364408091
13.78,6.015299995522364,-5.812369230202538,0.4477809550428078,-1.4814166504073736,-5.812369230202528,0,-1.4814166504073611,-5.812369230202538,0.4477809550428078,-1.4814166504073736,-5.812369230202528,0,-1.4814166504073611,0.034859215995066466
13.8,5.968489719911442,-5.767138117906427,0.44429659652652,-1.4698884672920016,-5.767138117906455,0,-1.4698884672920087,-5.767138117906427,0.44429659652652,-1.4698884672920016,-5.767138117906455,0,-1.4698884672920087,0.034587937209222284
13.82,5.921226493962498,-5.721469324585698,0.44077867299283335,-1.4582487352189322,-5.721469324585634,0,-1.4582487352189304,-5.721469324585698,0.44077867299283335,-1.4582487352189322,-5.721469324585634,0,-1.4582487352189304,0.03431402728654834
13.84,5.873510317675407,-5.6753628502402265,0.43722718444153785,-1.4464974541880826,-5.675362850240205,0,-1.4464974541880764,-5.6753628502402265,0.43722718444153785,-1.4464974541880826,-5.675362850240205,0,-1.4464974541880764,0.03403748622704462
13.86,5.825341191050379,-5.628818694870173,0.4336421308727607,-1.4346346241994317,-5.628818694870162,0,-1.4346346241994468,-5.628818694870173,0.4336421308727607,-1.4346346241994317,-5.628818694870162,0,-1.4346346241994468,0.03375831403071113
13.88,5.776719114087373,-5.58183685847542,0.43002351228647706,-1.422660245253021,-5.581836858475441,0,-1.4226602452529846,-5.58183685847542,0.43002351228647706,-1.422660245253021,-5.581836858475441,0,-1.4226602452529846,0.03347651069754785
13.9,5.7276440867865634,-5.53441734105607,0.42637132868264893,-1.4105743173488268,-5.53441734105612,0,-1.4105743173488392,-5.53441734105607,0.42637132868264893,-1.4105743173488268,-5.53441734105612,0,-1.4105743173488392,0.03319207622755484
13.92,5.678116109147968,-5.486560142612049,0.42268558006135826,-1.398376840486792,-5.4865601426120705,0,-1.3983768404867973,-5.486560142612049,0.42268558006135826,-1.398376840486792,-5.4865601426120705,0,-1.3983768404867973,0.03290501062073204
13.94,5.628135181171673,-5.4382652631433075,0.41896626642246515,-1.386067814667018,-5.438265263143329,0,-1.3860678146670153,-5.4382652631433075,0.41896626642246515,-1.386067814667018,-5.438265263143329,0,-1.3860678146670153,0.03261531387707949
13.96,5.577701302857884,-5.389532702649891,0.4152133877661077,-1.373647239889566,-5.389532702649902,0,-1.373647239889607,-5.389532702649891,0.4152133877661077,-1.373647239889566,-5.389532702649902,0,-1.373647239889607,0.03232298599659715
13.98,5.52681447420691,-5.340362461132003,0.4114269440922136,-1.3611151161542683,-5.340362461131988,0,-1.3611151161542452,-5.340362461132003,0.4114269440922136,-1.3611151161542683,-5.340362461131988,0,-1.3611151161542452,0.03202802697928506
14.0,5.475474695218701,-5.2907545385894,0.40760693540084914,-1.3484714434611362,-5.290754538589404,0,-1.3484714434611362,-5.2907545385894,0.40760693540084914,-1.3484714434611362,-5.290754538589404,0,-1.3484714434611362,0.031730436825143205
14.02,5.4236819658935165,-5.240708935022095,0.4037533616919644,-1.3357162218103689,-5.240708935022134,0,-1.335716221810351,-5.240708935022095,0.4037533616919644,-1.3357162218103689,-5.240708935022134,0,-1.335716221810351,0.031430215534171586
14.04,5.3714362862315586,-5.190225650430161,0.3998662229654235,-1.3228494512016375,-5.190225650430179,0,-1.322849451201634,-5.190225650430161,0.3998662229654235,-1.3228494512016375,-5.190225650430179,0,-1.322849451201634,0.031127363106370175
14.06,5.318737656233232,-5.139304684813645,0.39594551922151977,-1.3098711316352878,-5.139304684813645,0,-1.3098711316352691,-5.139304684813645,0.39594551922151977,-1.3098711316352878,-5.139304684813645,0,-1.3098711316352691,0.030821879541739018
14.08,5.2655860758985344,-5.087946038172333,0.3919912504600358,-1.2967812631110984,-5.087946038172333,0,-1.296781263111086,-5.087946038172333,0.3919912504600358,-1.2967812631110984,-5.087946038172333,0,-1.296781263111086,0.030513764840278103
14.1,5.211981545228051,-5.036149710506503,0.38800341668101734,-1.2835798456291005,-5.036149710506493,0,-1.2835798456290988,-5.036149710506503,0.38800341668101734,-1.2835798456291005,-5.036149710506493,0,-1.2835798456290988,0.030203019001987415
14.12,5.157784681115144,-4.983781042989225,0.38397134793804155,-1.270232549119286,-4.9837810429892215,0,-1.2702325491192994,-4.983781042989225,0.38397134793804155,-1.270232549119286,-4.9837810429892215,0,-1.2702325491192994,0.029888846359863455
14.14,5.101180310630433,-4.929086386541357,0.37975609053392234,-1.2562922963470289,-4.929086386541364,0,-1.2562922963470058,-4.929086386541357,0.37975609053392234,-1.2562922963470289,-4.929086386541364,0,-1.2562922963470058,0.029560885018272802
14.16,5.043978914457782,-4.873814857037605,0.37549623896886986,-1.2422050088467325,-4.873814857037594,0,-1.2422050088467316,-4.873814857037605,0.37549623896886986,-1.2422050088467325,-4.873814857037594,0,-1.2422050088467316,0.029229470087220422
14.18,4.986180492597162,-4.817966454477769,0.37119179324273466,-1.227970686618412,-4.817966454477784,0,-1.2279706866184057,-4.817966454477769,0.37119179324273466,-1.227970686618412,-4.817966454477784,0,-1.2279706866184057,0.02889460156670631
14.2,4.927785045049063,-4.761541178862174,0.3668427533554943,-1.2135893296619678,-4.761541178862167,0,-1.2135893296619642,-4.761541178862174,0.3668427533554943,-1.2135893296619678,-4.761541178862167,0,-1.2135893296619642,0.028556279456730418
14.22,4.868792571813488,-4.70453903019056,0.36244911930732915,-1.199060937977479,-4.704539030190574,0,-1.199060937977464,-4.70453903019056,0.36244911930732915,-1.199060937977479,-4.704539030190574,0,-1.199060937977464,0.028214503757292838
14.24,4.809203072890908,-4.64696000846317,0.35801089109809237,-1.1843855115649031,-4.646960008463196,0,-1.184385511564912,-4.64696000846317,0.35801089109809237,-1.1843855115649031,-4.646960008463196,0,-1.184385511564912,0.027869274468393514
14.26,4.749016548281336,-4.588804113679712,0.353528068727855,-1.1695630504242915,-4.588804113679728,0,-1.1695630504243297,-4.588804113679712,0.353528068727855,-1.1695630504242915,-4.588804113679728,0,-1.1695630504243297,0.027520591590032464
14.28,4.6882329979854,-4.530071345840524,0.3490006521966398,-1.154593554555574,-4.530071345840483,0,-1.154593554555582,-4.530071345840524,0.3490006521966398,-1.154593554555574,-4.530071345840483,0,-1.154593554555582,0.027168455122209646
14.3,4.626852422003173,-4.470761704945289,0.34442864150443286,-1.1394770239588654,-4.4707617049453034,0,-1.1394770239588325,-4.470761704945289,0.34442864150443286,-1.1394770239588654,-4.4707617049453034,0,-1.1394770239588325,0.02681286506492512
14.32,4.564874820335211,-4.410875190994238,0.3398120366510866,-1.12421345863401,-4.410875190994183,0,-1.124213458634003,-4.410875190994238,0.3398120366510866,-1.12421345863401,-4.410875190994183,0,-1.124213458634003,0.026453821418178855
14.34,4.50230019298184,-4.350411803987232,0.33515083763674647,-1.1088028585810852,-4.350411803987207,0,-1.1088028585811216,-4.350411803987232,0.33515083763674647,-1.1088028585810852,-4.350411803987207,0,-1.1088028585811216,0.026091324181970868
14.36,4.439128539943593,-4.2893715439243145,0.33044504446144685,-1.093245223800161,-4.289371543924339,0,-1.0932452238001744,-4.2893715439243145,0.33044504446144685,-1.093245223800161,-4.289371543924339,0,-1.0932452238001744,0.025725373356301144
14.38,4.375359861220975,-4.227754410805508,0.32569465712508583,-1.0775405542911214,-4.227754410805545,0,-1.0775405542911045,-4.227754410805508,0.32569465712508583,-1.0775405542911214,-4.227754410805545,0,-1.0775405542911045,0.02535596894116965
14.4,4.310994156814571,-4.165560404630803,0.3208996756277007,-1.0616888500540522,-4.165560404630817,0,-1.061688850054047,-4.165560404630803,0.3208996756277007,-1.0616888500540522,-4.165560404630817,0,-1.061688850054047,0.024983110936576448
14.42,4.246031426725038,-4.102789525400242,0.31606009996928686,-1.0456901110888985,-4.10278952540024,0,-1.045690111088856,-4.102789525400242,0.31606009996928686,-1.0456901110888985,-4.10278952540024,0,-1.045690111088856,0.024606799342521517
14.44,4.180471670952908,-4.039441773113644,0.3111759301498844,-1.029544337395719,-4.0394417731136585,0,-1.0295443373957056,-4.039441773113644,0.3111759301498844,-1.029544337395719,-4.0394417731136585,0,-1.0295443373957056,0.024227034159004856
14.46,4.114314889499125,-3.975517147771246,0.3062471661693855,-1.013251528974389,-3.9755171477712885,0,-1.0132515289743864,-3.975517147771246,0.3062471661693855,-1.013251528974389,-3.9755171477712885,0,-1.0132515289743864,0.02384381538602642
14.48,4.047561082364409,-3.9110156493728745,0.3012738080279427,-0.9968116858250609,-3.911015649372903,0,-0.9968116858250653,-3.9110156493728745,0.3012738080279427,-0.9968116858250609,-3.911015649372903,0,-0.9968116858250653,0.023457143023586292
14.5,3.980210249549791,-3.845937277918697,0.2962558557254067,-0.9802248079476152,-3.8459372779186936,0,-0.9802248079475966,-3.845937277918697,0.2962558557254067,-0.9802248079476152,-3.8459372779186936,0,-0.9802248079475966,0.02306701707168442
14.52,3.91226239105608,-3.78028203340849,0.29119330926190545,-0.9634908953420949,-3.7802820334085325,0,-0.9634908953421011,-3.78028203340849,0.29119330926190545,-0.9634908953420949,-3.7802820334085325,0,-0.9634908953421011,0.022673437530320823
14.54,3.8437175068846092,-3.7140499158424767,0.2860861686373306,-0.9466099480085788,-3.7140499158424696,0,-0.9466099480085894,-3.7140499158424767,0.2860861686373306,-0.9466099480085788,-3.7140499158424696,0,-0.9466099480085894,0.02227640439949545
14.56,3.7745755970364008,-3.6472409252204745,0.28093443385182226,-0.9295819659469684,-3.647240925220487,0,-0.929581965946987,-3.6472409252204745,0.28093443385182226,-0.9295819659469684,-3.647240925220487,0,-0.929581965946987,0.021875917679208372
14.58,3.7048366615128963,-3.5798550615425935,0.2757381049052192,-0.912406949157301,-3.579855061542581,0,-0.912406949157269,-3.5798550615425935,0.2757381049052192,-0.912406949157301,-3.579855061542581,0,-0.912406949157269,0.02147197736945957
14.6,3.63450070031551,-3.511892324808782,0.27049718179763715,-0.8950848976395047,-3.5118923248087697,0,-0.8950848976395172,-3.511892324808782,0.27049718179763715,-0.8950848976395047,-3.5118923248087697,0,-0.8950848976395172,0.021064583470249032
14.62,3.563567713446002,-3.443352715019154,0.2652116645290039,-0.8776158113936976,-3.4433527150191914,0,-0.87761581139371,-3.443352715019154,0.2652116645290039,-0.8776158113936976,-3.4433527150191914,0,-0.87761581139371,0.020653735981576726
14.64,3.4920377009060184,-3.3742362321735655,0.25988155309935257,-0.8599996904198246,-3.3742362321735584,0,-0.8599996904198299,-3.3742362321735655,0.25988155309935257,-0.8599996904198246,-3.3742362321735584,0,-0.8599996904198299,0.020239434903442714
14.66,3.4199106626975926,-3.3045428762720697,0.2545068475086685,-0.8422365347178653,-3.3045428762720697,0,-0.8422365347178697,-3.3045428762720697,0.2545068475086685,-0.8422365347178653,-3.3045428762720697,0,-0.8422365347178697,0.01982168023584697
14.68,3.3467919040806473,-3.2338911684221614,0.24905947465963707,-0.8242291614609352,-3.233891168422158,0,-0.8242291614609378,-3.2338911684221614,0.24905947465963707,-0.8242291614609352,-3.233891168422158,0,-0.8242291614609378,0.019398130850322458
14.7,3.2705379496540035,-3.1602094047691303,0.24338697750909333,-0.8054497982320852,-3.1602094047691267,0,-0.805449798232079,-3.1602094047691303,0.24338697750909333,-0.8054497982320852,-3.1602094047691267,0,-0.805449798232079,0.018956072741022144
14.72,3.1934861513129063,-3.085756673968799,0.23765560277992626,-0.7864739542564001,-3.0857566739687776,0,-0.7864739542564081,-3.085756673968799,0.23765560277992626,-0.7864739542564001,-3.0857566739687776,0,-0.7864739542564081,0.018509369890634935
14.74,3.1156365090589,-3.0105329760210697,0.2318653504721624,-0.7673016295338213,-3.0105329760210893,0,-0.7673016295338257,-3.0105329760210697,0.2318653504721624,-0.7673016295338213,-3.0105329760210893,0,-0.7673016295338257,0.01805802229916079
14.76,3.0369890228941347,-2.934538310925978,0.2260162205858196,-0.7479328240643635,-2.934538310925962,0,-0.7479328240643675,-2.934538310925978,0.2260162205858196,-0.7479328240643635,-2.934538310925962,0,-0.7479328240643675,0.017602029966599705
14.78,2.957543692821333,-2.857772678683613,0.22010821312084394,-0.7283675378480488,-2.8577726786836344,0,-0.7283675378480439,-2.857772678683613,0.22010821312084394,-0.7283675378480488,-2.8577726786836344,0,-0.7283675378480439,0.017141392892951635
14.8,2.8773005188436045,-2.780236079293859,0.2141413280772364,-0.7086057708848084,-2.780236079293857,0,-0.7086057708848017,-2.780236079293859,0.2141413280772364,-0.7086057708848084,-2.780236079293857,0,-0.7086057708848017,0.016676111078216677
14.82,2.796259500964967,-2.701928512756762,0.20811556545504606,-0.6886475231747666,-2.70192851275678,0,-0.6886475231747653,-2.701928512756762,0.20811556545504606,-0.6886475231747666,-2.70192851275678,0,-0.6886475231747653,0.016206184522394775
14.84,2.7144206391901387,-2.6228499790723188,0.20203092525422006,-0.6684927947178059,-2.6228499790723276,0,-0.6684927947178068,-2.6228499790723188,0.20203092525422006,-0.6684927947178059,-2.6228499790723276,0,-0.6684927947178068,0.015731613225485934
14.86,2.6317839335248174,-2.5430004782405007,0.19588740747480426,-0.6481415855139918,-2.543000478240508,0,-0.6481415855139829,-2.5430004782405007,0.19588740747480426,-0.6481415855139918,-2.543000478240508,0,-0.6481415855139829,0.015252397187490153
14.88,2.5483493839758378,-2.4623800102613114,0.18968501211678213,-0.6275938955633227,-2.4623800102613167,0,-0.627593895563308,-2.4623800102613114,0.18968501211678213,-0.6275938955633227,-2.4623800102613167,0,-0.627593895563308,0.01476853640840739
14.9,2.4641169905514153,-2.380988575134804,0.18342373918015853,-0.6068497248657749,-2.3809885751348006,0,-0.6068497248657785,-2.380988575134804,0.18342373918015853,-0.6068497248657749,-2.3809885751348006,0,-0.6068497248657785,0.014280030888237738
14.92,2.379086753261285,-2.298826172860945,0.17710358866491127,-0.5859090734213614,-2.2988261728609523,0,-0.5859090734213623,-2.298826172860945,0.17710358866491127,-0.5859090734213614,-2.2988261728609523,0,-0.5859090734213623,0.013786880626981142
14.94,2.2932586721171333,-2.21589280343974,0.17072456057101393,-0.5647719412300525,-2.215892803439722,0,-0.564771941230056,-2.21589280343974,0.17072456057101393,-0.5647719412300525,-2.215892803439722,0,-0.564771941230056,0.013289085624637606
14.96,2.2066327471329665,-2.1321884668711446,0.1642866548985814,-0.5434383282918862,-2.1321884668711704,0,-0.543438328291872,-2.1321884668711446,0.1642866548985814,-0.5434383282918862,-2.1321884668711704,0,-0.543438328291872,0.012786645881207087
14.98,2.119208978325728,-2.0477131631552243,0.15778987164749847,-0.521908234606844,-2.047713163155226,0,-0.5219082346068387,-2.0477131631552243,0.15778987164749847,-0.521908234606844,-2.047713163155226,0,-0.5219082346068387,0.012279561396689679
15.0,2.030987365715812,-1.9624668922919346,0.1512342108178134,-0.5001816601749156,-1.9624668922919408,0,-0.5001816601749276,-1.9624668922919346,0.1512342108178134,-0.5001816601749156,-1.9624668922919408,0,-0.5001816601749276,0.011767832171085327
15.02,1.9419679093281328,-1.8764496542813225,0.14461967240952778,-0.4782586049961397,-1.8764496542813536,0,-0.47825860499614237,-1.8764496542813225,0.14461967240952778,-0.4782586049961397,-1.8764496542813536,0,-0.47825860499614237,0.011251458204394039
15.04,1.8521506091930924,-1.7896614491233498,0.13794625642262703,-0.4561390690705047,-1.789661449123356,0,-0.45613906907050605,-1.7896614491233498,0.13794625642262703,-0.4561390690705047,-1.789661449123356,0,-0.45613906907050605,0.010730439496615767
15.06,1.7615354653482649,-1.702102276818021,0.1312139628571275,-0.4338230523979827,-1.7021022768180334,0,-0.43382305239798313,-1.702102276818021,0.1312139628571275,-0.4338230523979827,-1.7021022768180334,0,-0.43382305239798313,0.0102047760477506
15.08,1.6701224778404749,-1.6137721373653564,0.12442279171300885,-0.41131055497858515,-1.6137721373653662,0,-0.41131055497857893,-1.6137721373653564,0.12442279171300885,-0.41131055497858515,-1.6137721373653662,0,-0.41131055497857893,0.009674467857798496
15.1,1.5779116467286274,-1.524671030765341,0.11757274299025883,-0.3886015768123081,-1.524671030765333,0,-0.38860157681230945,-1.524671030765341,0.11757274299025883,-0.3886015768123081,-1.524671030765333,0,-0.38860157681230945,0.009139514926759454
15.12,1.484902972087788,-1.4347989570179491,0.1106638166889351,-0.36569611789916334,-1.4347989570179571,0,-0.36569611789916046,-1.4347989570179491,0.1106638166889351,-0.36569611789916334,-1.4347989570179571,0,-0.36569611789916046,0.008599917254633424
15.14,1.3910964540150266,-1.3441559161232162,0.10369601280897361,-0.34259417823918104,-1.3441559161232188,0,-0.3425941782391764,-1.3441559161232162,0.10369601280897361,-0.34259417823918104,-1.3441559161232188,0,-0.3425941782391764,0.008055674841420501
15.16,1.2964920926377779,-1.2527419080811377,0.09666933135041261,-0.31929575783228836,-1.2527419080811342,0,-0.3192957578322897,-1.2527419080811377,0.09666933135041261,-0.31929575783228836,-1.2527419080811342,0,-0.3192957578322897,0.007506787687120643
15.18,1.201088813340381,-1.1605558989011069,0.08958363280000281,-0.29580059105388545,-1.1605558989011087,0,-0.29580059105388656,-1.1605558989011069,0.08958363280000281,-0.29580059105388545,-1.1605558989011087,0,-0.29580059105388656,0.006953252012368398
15.2,1.1046010292199606,-1.0673231418475266,0.08240184640602405,-0.272038097470674,-1.0673231418475364,0,-0.27203809747067265,-1.0673231418475266,0.08240184640602405,-0.272038097470674,-1.0673231418475364,0,-0.27203809747067265,0.006394063583362777
15.22,1.007293389835366,-0.9732982414309697,0.07515832519025745,-0.2480736831251933,-0.9732982414309754,0,-0.24807368312518818,-0.9732982414309697,0.07515832519025745,-0.2480736831251933,-0.9732982414309754,0,-0.24807368312518818,0.005830153011544349
15.24,0.9091658952378352,-0.8784811976514195,0.0678530691527377,-0.22390734801743628,-0.8784811976514257,0,-0.22390734801743228,-0.8784811976514195,0.0678530691527377,-0.22390734801743628,-0.8784811976514257,0,-0.22390734801743228,0.0052615202969130675
15.26,0.8102185455066901,-0.7828720105088705,0.06048607829344399,-0.19953909214739274,-0.7828720105088678,0,-0.19953909214739785,-0.7828720105088705,0.06048607829344399,-0.19953909214739274,-0.7828720105088678,0,-0.19953909214739785,0.004688165439468932
15.28,0.7104513407696511,-0.6864706800033216,0.05305735261237893,-0.17496891551507288,-0.686470680003314,0,-0.17496891551507332,-0.6864706800033216,0.05305735261237893,-0.17496891551507288,-0.686470680003314,0,-0.17496891551507332,0.004110088439211889
15.3,0.6098642812438093,-0.5892772061347933,0.04556689210953044,-0.15019681812046737,-0.5892772061347937,0,-0.1501968181204676,-0.5892772061347933,0.04556689210953044,-0.15019681812046737,-0.5892772061347937,0,-0.1501968181204676,0.0035272892961420426
15.32,0.5084573673267474,-0.49129158890327096,0.03801469678491878,-0.1252227999635801,-0.49129158890327096,0,-0.125222799963582,-0.49129158890327096,0.03801469678491878,-0.1252227999635801,-0.49129158890327096,0,-0.125222799963582,0.0029397680102593417
15.34,0.40623059982810805,-0.392513828308765,0.030400766638522786,-0.10004686104441607,-0.3925138283087639,0,-0.10004686104441607,-0.392513828308765,0.030400766638522786,-0.10004686104441607,-0.3925138283087639,0,-0.10004686104441607,0.002347524581563788
15.36,0.30318398068051317,-0.2929439243512595,0.02272510167035599,-0.07466900136296822,-0.2929439243512606,0,-0.07466900136296806,-0.2929439243512595,0.02272510167035599,-0.07466900136296822,-0.2929439243512606,0,-0.07466900136296806,0.0017505590100553787
15.38,0.19931751589893199,-0.19258187703075258,0.014987701880417197,-0.04908922091924095,-0.1925818770307497,0,-0.04908922091924106,-0.19258187703075258,0.014987701880417197,-0.04908922091924095,-0.1925818770307497,0,-0.04908922091924106,0.0011488712957340606
15.4,0.09463123832819306,-0.0914276863472624,0.007188567268704597,-0.023307519713234734,-0.09142768634726295,0,-0.023307519713234748,-0.0914276863472624,0.007188567268704597,-0.023307519713234734,-0.09142768634726295,0,-0.023307519713234748,5.42461438599943E-4
15.42,0.010876098502235912,0.01051864769921329,-6.723021647822834E-4,0.0026761022550582866,0.010518647699213152,0,0.0026761022550583213,0.01051864769921329,-6.723021647822834E-4,0.0026761022550582866,0.010518647699213152,0,0.0026761022550583213,-6.867056134703096E-5
15.44,0.1172012195824372,0.11325712510868918,-0.008594906420045158,0.028861644985627016,0.11325712510868902,0,0.028861644985626933,0.11325712510868918,-0.008594906420045158,0.028861644985627016,0.11325712510868902,0,0.028861644985626933,-6.845247041068589E-4
15.46,0.2243470799905346,0.21678774588116112,-0.016579245497078718,0.0552491084784788,0.2167877458811609,0,0.055249108478478526,0.21678774588116112,-0.016579245497078718,0.0552491084784788,0.2167877458811609,0,0.055249108478478526,-0.0013051009896795959
15.48,0.3323128251331522,0.3211105100166136,-0.024625319395886164,0.0818384927336071,0.3211105100166147,0,0.0818384927336071,0.3211105100166136,-0.024625319395886164,0.0818384927336071,0.3211105100166147,0,0.0818384927336071,-0.0019303994180651328
15.5,0.44109843361922374,0.4262254175150624,-0.03273312811646231,0.10862979775101855,0.4262254175150604,0,0.10862979775101733,0.4262254175150624,-0.03273312811646231,0.10862979775101855,0.4262254175150604,0,0.10862979775101733,-0.002560419989263524
15.52,0.5507039008286416,0.5321324683765045,-0.040902671658815976,0.13562302353071476,0.5321324683765063,0,0.13562302353071543,0.5321324683765045,-0.040902671658815976,0.13562302353071476,0.5321324683765063,0,0.13562302353071543,-0.0031951627032747705
15.54,0.6611292251716248,0.638831662600944,-0.049133950022949846,0.16281817007268973,0.6388316626009471,0,0.16281817007268984,0.638831662600944,-0.049133950022949846,0.16281817007268973,0.6388316626009471,0,0.16281817007268984,-0.0038346275600989283
15.56,0.7723744059554551,0.7463230001883785,-0.05742696320885088,0.19021523737694168,0.7463230001883794,0,0.19021523737694412,0.7463230001883785,-0.05742696320885088,0.19021523737694168,0.7463230001883794,0,0.19021523737694412,-0.004478814559735884
15.58,0.8844394428308837,0.8546064811387915,-0.06578171121653054,0.21781422544347362,0.8546064811387852,0,0.21781422544347162,0.8546064811387915,-0.06578171121653054,0.21781422544347362,0.8546064811387852,0,0.21781422544347162,-0.005127723702185693
15.6,0.9973243356034862,0.9636821054522104,-0.07419819404596895,0.24561513427228854,0.9636821054522109,0,0.24561513427228387,0.9636821054522104,-0.07419819404596895,0.24561513427228854,0.9636821054522109,0,0.24561513427228387,-0.005781354987448358
15.62,1.111029084156954,1.0735498731286146,-0.08267641169720652,0.2736179638633909,1.0735498731286164,0,0.27361796386339066,1.0735498731286146,-0.08267641169720652,0.2736179638633909,1.0735498731286164,0,0.27361796386339066,-0.006439708415523936
15.64,1.2245461322611289,1.1832365819841812,-0.0911365763940547,0.30157450596336743,1.1832365819841808,0,0.3015745059633641,1.1832365819841812,-0.0911365763940547,0.30157450596336743,1.1832365819841808,0,0.3015745059633641,-0.007097141983081325
15.66,1.337803089376468,1.2926723099271458,-0.09957295558858698,0.3294669274430233,1.2926723099271467,0,0.3294669274430255,1.2926723099271458,-0.09957295558858698,0.3294669274430233,1.2926723099271467,0,0.3294669274430255,-0.007753250326588692
15.68,1.4517096208853215,1.4027357061484071,-0.10805758514966551,0.35751932149149135,1.402735706148409,0,0.3575193214914911,1.4027357061484071,-0.10805758514966551,0.35751932149149135,1.402735706148409,0,0.3575193214914911,-0.00841312729164563
15.7,1.5662657267778766,1.5134267706479658,-0.1165904650773451,0.38573168810874847,1.5134267706479694,0,0.38573168810875025,1.5134267706479658,-0.1165904650773451,0.38573168810874847,1.5134267706479694,0,0.38573168810875025,-0.009076772878252197
15.72,1.6814714070469123,1.6247455034257943,-0.12517159537161127,0.4141040272947887,1.6247455034257907,0,0.41410402729478335,1.6247455034257943,-0.12517159537161127,0.4141040272947887,1.6247455034257907,0,0.41410402729478335,-0.009744187086408274
15.74,1.7973266616870807,1.7366919044819102,-0.13380097603246732,0.4426363390496717,1.7366919044819138,0,0.44263633904967037,1.7366919044819102,-0.13380097603246732,0.4426363390496717,1.7366919044819138,0,0.44263633904967037,-0.010415369916113922
15.76,1.9138314906942782,1.849265973816328,-0.14247860705988824,0.4713286233733198,1.8492659738163315,0,0.4713286233733296,1.849265973816328,-0.14247860705988824,0.4713286233733198,1.8492659738163315,0,0.4713286233733296,-0.011090321367369144
15.78,2.030985894065325,1.9624677114290145,-0.15120448845390677,0.5001808802657917,1.962467711429026,0,0.5001808802657823,1.9624677114290145,-0.15120448845390677,0.5001808802657917,1.962467711429026,0,0.5001808802657823,-0.011769041440173992
15.8,2.148789871797746,2.0762971173199825,-0.15997862021453668,0.5291931097270415,2.07629711732001,0,0.5291931097270499,2.0762971173199825,-0.15997862021453668,0.5291931097270415,2.07629711732001,0,0.5291931097270499,-0.012451530134528353
15.82,2.2672434238896066,2.1907541914892565,-0.1688010023416764,0.5583653117571092,2.1907541914892654,0,0.5583653117571181,2.1907541914892565,-0.1688010023416764,0.5583653117571092,2.1907541914892654,0,0.5583653117571181,-0.013137787450432287
15.84,2.3862838796262293,2.305778370381052,-0.17766706337260996,0.5876820534282658,2.3057783703810593,0,0.5876820534282423,2.305778370381052,-0.17766706337260996,0.5876820534282658,2.3057783703810593,0,0.5876820534282423,-0.01382744635140644
15.86,2.5031039632852425,2.418656766397225,-0.1863720289223344,0.6164520312389175,2.41865676639722,0,0.6164520312389143,2.418656766397225,-0.1863720289223344,0.6164520312389175,2.41865676639722,0,0.6164520312389143,-0.014504065783098688
15.88,2.6200652756979252,2.531671577008229,-0.19508816399126672,0.6452567993617615,2.5316715770082148,0,0.6452567993617677,2.531671577008229,-0.19508816399126672,0.6452567993617615,2.5316715770082148,0,0.6452567993617677,-0.015181476665993907
15.9,2.737167816867446,2.6448228022140405,-0.20381546857951405,0.6740963577967132,2.644822802214037,0,0.6740963577967136,2.6448228022140405,-0.20381546857951405,0.6740963577967132,2.644822802214037,0,0.6740963577967136,-0.015859679000092167
15.92,2.854411586797089,2.7581104420147327,-0.21255394268699013,0.7029707065438693,2.7581104420147504,0,0.7029707065438728,2.7581104420147327,-0.21255394268699013,0.7029707065438693,2.7581104420147504,0,0.7029707065438728,-0.016538672785393466
15.94,2.9717965854899355,2.871534496410213,-0.2213035863137054,0.7318798456031574,2.87153449641022,0,0.731879845603153,2.871534496410213,-0.2213035863137054,0.7318798456031574,2.87153449641022,0,0.731879845603153,-0.017218458021897802
15.96,3.089322812949276,2.9850949654005774,-0.2300643994596645,0.7608237749746403,2.985094965400549,0,0.7608237749746358,2.9850949654005774,-0.2300643994596645,0.7608237749746403,2.985094965400549,0,0.7608237749746358,-0.01789903470960524
15.98,3.2069902691781644,3.098791848985716,-0.23883638212482605,0.7898024946582698,3.098791848985698,0,0.7898024946582609,3.098791848985716,-0.23883638212482605,0.7898024946582698,3.098791848985698,0,0.7898024946582609,-0.018580402848515646
16.0,3.324798954179817,3.212625147165671,-0.24761953430932793,0.8188160046540496,3.2126251471656815,0,0.818816004654046,3.212625147165671,-0.24761953430932793,0.8188160046540496,3.2126251471656815,0,0.818816004654046,-0.019262562438629095
16.02,3.442748867957441,3.3265948599404958,-0.25641385601302624,0.8478643049620063,3.326594859940535,0,0.8478643049620231,3.3265948599404958,-0.25641385601302624,0.8478643049620063,3.326594859940535,0,0.8478643049620231,-0.01994551347994558
16.04,3.5608400105141422,3.440700987310155,-0.2652193472359621,0.8769473955820883,3.440700987310141,0,0.8769473955820999,3.440700987310155,-0.2652193472359621,0.8769473955820883,3.440700987310141,0,0.8769473955820999,-0.020629255972465104
16.06,3.675530772242001,3.5515231726676664,-0.2737490537540741,0.9051927048621575,3.5515231726676433,0,0.90519270486217,3.5515231726676664,-0.2737490537540741,0.9051927048621575,3.5515231726676433,0,0.90519270486217,-0.021294225334187462
16.08,3.78714480164882,3.659373967514288,-0.28202940819192723,0.9326799763421141,3.6593739675142594,0,0.9326799763420937,3.659373967514288,-0.28202940819192723,0.9326799763421141,3.6593739675142594,0,0.9326799763420937,-0.021942200826104548
16.1,3.8987588313636237,3.767224762360886,-0.2903097626297695,0.9601672478220316,3.7672247623608683,0,0.9601672478220209,3.767224762360886,-0.2903097626297695,0.9601672478220316,3.7672247623608683,0,0.9601672478220209,-0.022590176318021515
16.12,4.010372861360724,3.875075557207479,-0.2985901170676504,0.9876545193019366,3.875075557207442,0,0.9876545193019233,3.875075557207479,-0.2985901170676504,0.9876545193019366,3.875075557207442,0,0.9876545193019233,-0.02323815180993848
16.14,4.121986891617176,3.9829263520540543,-0.30687047150543534,1.0151417907818745,3.982926352054065,0,1.0151417907818754,3.9829263520540543,-0.30687047150543534,1.0151417907818745,3.982926352054065,0,1.0151417907818754,-0.023886127301855443
16.16,4.233600922112536,4.090777146900685,-0.3151508259432809,1.0426290622617955,4.090777146900663,0,1.0426290622617955,4.090777146900685,-0.3151508259432809,1.0426290622617955,4.090777146900663,0,1.0426290622617955,-0.024534102793772408
16.18,4.345214952828247,4.19862794174721,-0.3234311803811567,1.0701163337417254,4.198627941747226,0,1.070116333741737,4.19862794174721,-0.3234311803811567,1.0701163337417254,4.198627941747226,0,1.070116333741737,-0.025182078285689375
16.2,4.456828983747926,4.3064787365938155,-0.33171153481901805,1.097603605221674,4.306478736593796,0,1.0976036052217033,4.3064787365938155,-0.33171153481901805,1.097603605221674,4.306478736593796,0,1.0976036052217033,-0.02583005377760634
16.22,4.568443014856558,4.414329531440435,-0.33999188925682255,1.1250908767016288,4.414329531440423,0,1.1250908767016128,4.414329531440435,-0.33999188925682255,1.1250908767016288,4.414329531440423,0,1.1250908767016128,-0.02647802926952331
16.24,4.6800570461406,4.522180326287055,-0.3482722436946566,1.152578148181517,4.522180326287028,0,1.1525781481815471,4.522180326287055,-0.3482722436946566,1.152578148181517,4.522180326287028,0,1.1525781481815471,-0.02712600476144038
16.26,4.79123951014158,4.629614098045652,-0.35652066747862854,1.1799591387200001,4.629614098045614,0,1.1799591387199584,4.629614098045652,-0.35652066747862854,1.1799591387200001,4.629614098045614,0,1.1799591387199584,-0.02777147124105285
16.28,4.892448832039692,4.7274108348371335,-0.364031202074637,1.2048840706408903,4.727410834837144,0,1.2048840706408939,4.7274108348371335,-0.364031202074637,1.2048840706408903,4.727410834837144,0,1.2048840706408939,-0.028358956663961234
16.3,4.993658154034717,4.825207571628688,-0.37154173667053203,1.2298090025617405,4.8252075716287095,0,1.229809002561737,4.825207571628688,-0.37154173667053203,1.2298090025617405,4.8252075716287095,0,1.229809002561737,-0.028946442086869632
16.32,5.0948674761208474,4.923004308420239,-0.3790522712664699,1.2547339344826538,4.923004308420239,0,1.2547339344826582,4.923004308420239,-0.3790522712664699,1.2547339344826538,4.923004308420239,0,1.2547339344826582,-0.029533927509778013
16.34,5.196076798292687,5.020801045211762,-0.38656280586235403,1.2796588664034667,5.020801045211854,0,1.2796588664034658,5.020801045211762,-0.38656280586235403,1.2796588664034667,5.020801045211854,0,1.2796588664034658,-0.030121412932686407
16.36,5.297286120545418,5.118597782003302,-0.3940733404583485,1.3045837983243453,5.118597782003306,0,1.3045837983243516,5.118597782003302,-0.3940733404583485,1.3045837983243453,5.118597782003306,0,1.3045837983243516,-0.03070889835559479
16.38,5.398495442874472,5.216394518794861,-0.40158387505433235,1.3295087302452355,5.216394518794843,0,1.3295087302452586,5.216394518794861,-0.40158387505433235,1.3295087302452355,5.216394518794843,0,1.3295087302452586,-0.03129638377850319
16.4,5.499704765275618,5.314191255586433,-0.40909440965022736,1.3544336621661062,5.314191255586422,0,1.3544336621661088,5.314191255586433,-0.40909440965022736,1.3544336621661062,5.314191255586422,0,1.3544336621661088,-0.031883869201411584
16.42,5.600914087744885,5.411987992377949,-0.4166049442462023,1.3793585940869209,5.411987992377981,0,1.379358594086952,5.411987992377949,-0.4166049442462023,1.3793585940869209,5.411987992377981,0,1.379358594086952,-0.03247135462432007
16.44,5.702123410278764,5.509784729169496,-0.42411547884214373,1.404283526007866,5.50978472916951,0,1.4042835260078803,5.509784729169496,-0.42411547884214373,1.404283526007866,5.50978472916951,0,1.4042835260078803,-0.033058840047228456
16.46,5.7961809036740615,5.600669731845336,-0.4311091165206089,1.4274473869518625,5.600669731845294,0,1.4274473869518687,5.600669731845336,-0.4311091165206089,1.4274473869518625,5.600669731845294,0,1.4274473869518687,-0.03360424252846004
16.48,5.88546237144122,5.686939045513405,-0.43775756797229826,1.4494351962981558,5.686939045513419,0,1.4494351962981398,5.686939045513405,-0.43775756797229826,1.4494351962981558,5.686939045513419,0,1.4494351962981398,-0.03412154182052628
16.5,5.974743839220232,5.773208359181389,-0.4444060194240591,1.47142300564449,5.773208359181396,0,1.4714230056444961,5.773208359181389,-0.4444060194240591,1.47142300564449,5.773208359181396,0,1.4714230056444961,-0.03463884111259252
16.52,6.064025307010798,5.859477672849543,-0.45105447087573425,1.4934108149908436,5.859477672849536,0,1.4934108149908738,5.859477672849543,-0.45105447087573425,1.4934108149908436,5.859477672849536,0,1.4934108149908738,-0.03515614040465876
16.54,6.1533067748120756,5.945746986517502,-0.4577029223274096,1.5153986243372035,5.945746986517534,0,1.5153986243371946,5.945746986517502,-0.4577029223274096,1.5153986243372035,5.945746986517534,0,1.5153986243371946,-0.035673439696725
16.56,6.242588242623949,6.032016300185653,-0.4643513737791314,1.5373864336834782,6.032016300185646,0,1.5373864336834586,6.032016300185653,-0.4643513737791314,1.5373864336834782,6.032016300185646,0,1.5373864336834586,-0.036190738988791236
16.58,6.331869710445686,6.1182856138536685,-0.47099982523090755,1.5593742430297635,6.118285613853715,0,1.5593742430297723,6.1182856138536685,-0.47099982523090755,1.5593742430297635,6.118285613853715,0,1.5593742430297723,-0.03670803828085757
16.6,6.421151178276954,6.204554927521642,-0.4776482766825685,1.581362052376079,6.204554927521713,0,1.5813620523761287,6.204554927521642,-0.4776482766825685,1.581362052376079,6.204554927521713,0,1.5813620523761287,-0.03722533757292381
16.62,6.509226915959557,6.289658824419568,-0.48421174768715636,1.603052995426916,6.289658824419583,0,1.6030529954268928,6.289658824419568,-0.48421174768715636,1.603052995426916,6.289658824419583,0,1.6030529954268928,-0.03773545305616883
16.64,6.586674946433579,6.364490349464699,-0.4900261727058237,1.6221272600014718,6.36449034946471,0,1.6221272600014558,6.364490349464699,-0.4900261727058237,1.6221272600014718,6.36449034946471,0,1.6221272600014558,-0.03818224805405626
16.66,6.664122977398296,6.439321874509847,-0.4958405977245053,1.6412015245759992,6.439321874509865,0,1.6412015245760045,6.439321874509847,-0.4958405977245053,1.6412015245759992,6.439321874509865,0,1.6412015245760045,-0.03862904305194368
16.68,6.741571008836701,6.514153399554889,-0.501655022743233,1.66027578915058,6.514153399554878,0,1.6602757891505675,6.514153399554889,-0.501655022743233,1.66027578915058,6.514153399554878,0,1.6602757891505675,-0.0390758380498311
16.7,6.819019040732658,6.588984924599863,-0.5074694477619963,1.6793500537251091,6.588984924599892,0,1.6793500537251589,6.588984924599863,-0.5074694477619963,1.6793500537251091,6.588984924599892,0,1.6793500537251589,-0.03952263304771852
16.72,6.8964670730709905,6.663816449645019,-0.5132838727806353,1.6984243182996277,6.663816449645012,0,1.6984243182996224,6.663816449645019,-0.5132838727806353,1.6984243182996277,6.663816449645012,0,1.6984243182996224,-0.03996942804560595
16.74,6.973915105836832,6.738647974690188,-0.5190982977993315,1.717498582874196,6.738647974690238,0,1.7174985828741782,6.738647974690188,-0.5190982977993315,1.717498582874196,6.738647974690238,0,1.7174985828741782,-0.04041622304349345
16.76,7.051363139015946,6.813479499735244,-0.5249127228181019,1.7365728474486986,6.813479499735301,0,1.736572847448663,6.813479499735244,-0.5249127228181019,1.7365728474486986,6.813479499735301,0,1.736572847448663,-0.04086301804138088
16.78,7.1234022024437,6.883087198136334,-0.5302894323413514,1.75431447054188,6.8830871981363515,0,1.7543144705418783,6.883087198136334,-0.5302894323413514,1.75431447054188,6.8830871981363515,0,1.7543144705418783,-0.04127991090664718
16.8,7.188935231304056,6.946411556673102,-0.53513964751285,1.7704531615478736,6.946411556673006,0,1.7704531615478416,6.946411556673102,-0.53513964751285,1.7704531615478736,6.946411556673006,0,1.7704531615478416,-0.041660836793157206
16.82,7.2544682602920565,7.009735915209706,-0.5399898626845161,1.7865918525538653,7.009735915209653,0,1.786591852553883,7.009735915209706,-0.5399898626845161,1.7865918525538653,7.009735915209653,0,1.786591852553883,-0.04204176267966722
16.84,7.320001289404536,7.073060273746464,-0.5448400778559823,1.8027305435598269,7.073060273746393,0,1.8027305435598393,7.073060273746464,-0.5448400778559823,1.8027305435598269,7.073060273746393,0,1.8027305435598393,-0.042422688566177244
16.86,7.385534318638027,7.1363846322831535,-0.5496902930275454,1.8188692345658808,7.136384632283097,0,1.8188692345658524,7.1363846322831535,-0.5496902930275454,1.8188692345658808,7.136384632283097,0,1.8188692345658524,-0.042803614452687266
16.88,7.45106734798939,7.199708990819886,-0.5545405081991039,1.8350079255718494,7.19970899081995,0,1.8350079255718583,7.199708990819886,-0.5545405081991039,1.8350079255718494,7.19970899081995,0,1.8350079255718583,-0.04318454033919729
16.9,7.516600377455477,7.263033349356558,-0.5593907233707345,1.8511466165778554,7.263033349356618,0,1.8511466165778288,7.263033349356558,-0.5593907233707345,1.8511466165778554,7.263033349356618,0,1.8511466165778288,-0.04356546622570731
16.92,7.582133407033401,7.32635770789328,-0.5642409385423153,1.8672853075838525,7.326357707893223,0,1.8672853075838631,7.32635770789328,-0.5642409385423153,1.8672853075838525,7.326357707893223,0,1.8672853075838631,-0.0439463921122174
16.94,7.6385251736724395,7.380849001297978,-0.5684131654534017,1.881172775963213,7.380849001297946,0,1.8811727759632362,7.380849001297978,-0.5684131654534017,1.881172775963213,7.380849001297946,0,1.8811727759632362,-0.044274240984835074
16.96,7.692717164461809,7.433214684267398,-0.5724222396084118,1.8945185046139503,7.433214684267469,0,1.894518504613977,7.433214684267398,-0.5724222396084118,1.8945185046139503,7.433214684267469,0,1.894518504613977,-0.04458931727478569
16.98,7.74690915533459,7.485580367236935,-0.576431313763341,1.907864233264707,7.485580367236999,0,1.907864233264732,7.485580367236935,-0.576431313763341,1.907864233264707,7.485580367236999,0,1.907864233264732,-0.044904393564736286
17.0,7.801101146288987,7.537946050206539,-0.5804403879182658,1.9212099619154088,7.537946050206521,0,1.9212099619154372,7.537946050206539,-0.5804403879182658,1.9212099619154088,7.537946050206521,0,1.9212099619154372,-0.0452194698546869
17.02,7.8552931373231,7.590311733175945,-0.5844494620733007,1.93455569056621,7.59031173317593,0,1.9345556905662065,7.590311733175945,-0.5844494620733007,1.93455569056621,7.59031173317593,0,1.9345556905662065,-0.045534546144637505
17.04,7.90948512843562,7.642677416145581,-0.588458536228095,1.947901419216878,7.642677416145574,0,1.9479014192169046,7.642677416145581,-0.588458536228095,1.947901419216878,7.642677416145574,0,1.9479014192169046,-0.04584962243458811
17.06,7.963677119624686,7.695043099115068,-0.592467610383208,1.9612471478676614,7.6950430991151535,0,1.9612471478676454,7.695043099115068,-0.592467610383208,1.9612471478676614,7.6950430991151535,0,1.9612471478676454,-0.04616469872453872
17.08,8.017229570648574,7.74679062176396,-0.596431648467127,1.9744354141538718,7.746790621763964,0,1.9744354141538452,7.74679062176396,-0.596431648467127,1.9744354141538718,7.746790621763964,0,1.9744354141538452,-0.04647596298943763
17.1,8.066776407887492,7.794666438824571,-0.6001136134352647,1.9866374509837978,7.794666438824635,0,1.986637450983828,7.794666438824571,-0.6001136134352647,1.9866374509837978,7.794666438824635,0,1.986637450983828,-0.0467633515085108
17.12,8.115286859143723,7.841540516431184,-0.6037225966745026,1.998584317338123,7.841540516431223,0,1.9985843173381426,7.841540516431184,-0.6037225966745026,1.998584317338123,7.841540516431223,0,1.9985843173381426,-0.047044562575285644
17.14,8.162760924417626,7.887412854584024,-0.6072585981841971,2.010276013216753,7.8874128545840705,0,2.0102760132166893,7.887412854584024,-0.6072585981841971,2.010276013216753,7.8874128545840705,0,2.0102760132166893,-0.04731959618976218
17.16,8.209198603716636,7.932283453283059,-0.6107216179647925,2.021712538619541,7.932283453283041,0,2.021712538619539,7.932283453283059,-0.6107216179647925,2.021712538619541,7.932283453283041,0,2.021712538619539,-0.04758845235194041
17.18,8.254599897055137,7.976152312528129,-0.6141116560161008,2.0328938935466603,7.976152312528214,0,2.0328938935467207,7.976152312528129,-0.6141116560161008,2.0328938935466603,7.976152312528214,0,2.0328938935467207,-0.047851131061820325
17.2,8.29896480445463,8.019019432319372,-0.6174287123382527,2.043820077998017,8.01901943231941,0,2.0438200779979923,8.019019432319372,-0.6174287123382527,2.043820077998017,8.01901943231941,0,2.0438200779979923,-0.04810763231940192
17.22,8.342293325943173,8.060884812656749,-0.6206727869310322,2.0544910919736807,8.06088481265681,0,2.054491091973638,8.060884812656749,-0.6206727869310322,2.0544910919736807,8.06088481265681,0,2.054491091973638,-0.048357956124685214
17.24,8.384585461555314,8.101748453540125,-0.6238438797947183,2.064906935473669,8.101748453540118,0,2.0649069354736795,8.101748453540125,-0.6238438797947183,2.064906935473669,8.101748453540118,0,2.0649069354736795,-0.04860210247767023
17.26,8.42584121133242,8.141610354969796,-0.6269419909292075,2.075067608497916,8.141610354969728,0,2.075067608497875,8.141610354969796,-0.6269419909292075,2.075067608497916,8.141610354969728,0,2.075067608497875,-0.04884007137835687
17.28,8.466060575321617,8.180470516945494,-0.6299671203342814,2.08497311104634,8.180470516945498,0,2.0849731110463665,8.180470516945494,-0.6299671203342814,2.08497311104634,8.180470516945498,0,2.0849731110463665,-0.049071862826745236
17.3,8.505243553576628,8.218328939467185,-0.6329192680103302,2.094623443119195,8.21832893946722,0,2.0946234431191684,8.218328939467185,-0.6329192680103302,2.094623443119195,8.21832893946722,0,2.0946234431191684,-0.04929747682283527
17.32,8.543390146157494,8.255185622535176,-0.6357984339570493,2.1040186047162717,8.255185622535215,0,2.1040186047162237,8.255185622535176,-0.6357984339570493,2.1040186047162717,8.255185622535215,0,2.1040186047162237,-0.049516913366626995
17.34,8.580500353129835,8.291040566149178,-0.6386046181745311,2.113158595837575,8.29104056614922,0,2.113158595837618,8.291040566149178,-0.6386046181745311,2.113158595837575,8.29104056614922,0,2.113158595837618,-0.049730172458120406
17.36,8.616574174565702,8.325893770309296,-0.6413378206627431,2.1220434164831783,8.325893770309264,0,2.122043416483237,8.325893770309296,-0.6413378206627431,2.1220434164831783,8.325893770309264,0,2.122043416483237,-0.04993725409731549
17.38,8.651611610543064,8.359745235015609,-0.6439980414217485,2.130673066652978,8.359745235015666,0,2.1306730666529603,8.359745235015609,-0.6439980414217485,2.130673066652978,8.359745235015666,0,2.1306730666529603,-0.05013815828421228
17.4,8.68550312850051,8.392492121330552,-0.6465377050536314,2.1390199545990214,8.39249212133059,0,2.13901995459905,8.392492121330552,-0.6465377050536314,2.1390199545990214,8.39249212133059,0,2.13901995459905,-0.05033387268114961
17.42,8.71832612121678,8.424207092754266,-0.6489904271805158,2.1471035759813173,8.424207092754216,0,2.147103575981319,8.424207092754266,-0.6489904271805158,2.1471035759813173,8.424207092754216,0,2.147103575981319,-0.05052369942986702
17.44,8.750097004617919,8.454905562040832,-0.6513633380589776,2.1549280660513332,8.454905562040835,0,2.154928066051326,8.454905562040832,-0.6513633380589776,2.1549280660513332,8.454905562040835,0,2.154928066051326,-0.05070749050668939
17.46,8.780815778699367,8.484587529190549,-0.6536564376886953,2.162493424809032,8.484587529190591,0,2.1624934248090497,8.484587529190549,-0.6536564376886953,2.162493424809032,8.484587529190591,0,2.1624934248090497,-0.05088524591161672
17.48,8.810482443457346,8.51325299420354,-0.6558697260696889,2.1697996522542375,8.513252994203512,0,2.1697996522542695,8.51325299420354,-0.6558697260696889,2.1697996522542375,8.513252994203512,0,2.1697996522542695,-0.05105696564464903
17.5,8.8390969988887,8.540901957079477,-0.6580032032022007,2.1768467483872076,8.540901957079441,0,2.176846748387213,8.540901957079477,-0.6580032032022007,2.1768467483872076,8.540901957079441,0,2.176846748387213,-0.0512226497057863
17.52,8.866659444991676,8.567534417818699,-0.6600568690858717,2.1836347132077414,8.567534417818749,0,2.1836347132077236,8.567534417818699,-0.6600568690858717,2.1836347132077414,8.567534417818749,0,2.1836347132077236,-0.05138229809502854
17.54,8.893169781765074,8.59315037642104,-0.6620307237210104,2.1901635467159473,8.59315037642105,0,2.1901635467159934,8.59315037642104,-0.6620307237210104,2.1901635467159473,8.59315037642105,0,2.1901635467159934,-0.05153591081237572
17.56,8.918628009208724,8.617749832886602,-0.6639247671073796,2.196433248911694,8.617749832886645,0,2.1964332489116956,8.617749832886602,-0.6639247671073796,2.196433248911694,8.617749832886645,0,2.1964332489116956,-0.05168348785782788
17.58,8.943034127323008,8.641332787215,-0.6657389992452041,2.202443819795281,8.64133278721495,0,2.202443819795292,8.641332787215,-0.6657389992452041,2.202443819795281,8.64133278721495,0,2.202443819795292,-0.051825029231385024
17.6,8.966388136109707,8.663899239406636,-0.6674734201343324,2.20819525936621,8.663899239406717,0,2.2081952593662706,8.663899239406636,-0.6674734201343324,2.20819525936621,8.663899239406717,0,2.2081952593662706,-0.05196053493304711
17.62,8.98869003557158,8.685449189461774,-0.6691280297747828,2.2136875676250067,8.68544918946175,0,2.2136875676250014,8.685449189461774,-0.6691280297747828,2.2136875676250067,8.68544918946175,0,2.2136875676250014,-0.052090004962814164
17.64,9.009939825711104,8.70598263737972,-0.6707028281665313,2.218920744571408,8.70598263737972,0,2.2189207445714914,8.70598263737972,-0.6707028281665313,2.218920744571408,8.70598263737972,0,2.2189207445714914,-0.05221343932068617
17.66,9.03013750653265,8.72549958316078,-0.6721978153097612,2.223894790205401,8.725499583160712,0,2.223894790205449,8.72549958316078,-0.6721978153097612,2.223894790205401,8.725499583160712,0,2.223894790205449,-0.05233083800666313
17.68,9.049283078041324,8.744000026805203,-0.6736129912041551,2.228609704527024,8.74400002680521,0,2.228609704527017,8.744000026805203,-0.6736129912041551,2.228609704527024,8.74400002680521,0,2.228609704527017,-0.05244220102074508
17.7,9.068802908111085,8.762861265265148,-0.6750670413307489,2.2334169619125905,8.762861265265059,0,2.2334169619125532,8.762861265265148,-0.6750670413307489,2.2334169619125905,8.762861265265059,0,2.2334169619125532,-0.0525552795952105
17.72,9.088611298432571,8.782000548482646,-0.6765528348881404,2.238295445256492,8.7820005484826,0,2.2382954452564263,8.782000548482646,-0.6765528348881404,2.238295445256492,8.7820005484826,0,2.2382954452564263,-0.052669608024446854
17.74,9.107685107146905,8.800429933444011,-0.6779852380997462,2.2429930399701554,8.800429933444079,0,2.242993039970159,8.800429933444011,-0.6779852380997462,2.2429930399701554,8.800429933444079,0,2.242993039970159,-0.05277962630502591
17.76,9.126024334260418,8.818149420149417,-0.6793642509656137,2.247509746053691,8.818149420149382,0,2.2475097460537086,8.818149420149417,-0.6793642509656137,2.247509746053691,8.818149420149382,0,2.2475097460537086,-0.052885334436947616
17.78,9.143628979779383,8.835159008598445,-0.6806898734855382,2.251845563506981,8.83515900859851,0,2.2518455635070183,8.835159008598445,-0.6806898734855382,2.251845563506981,8.83515900859851,0,2.2518455635070183,-0.05298673242021201
17.8,9.16049904371145,8.85145869879138,-0.6819621056597547,2.2560004923301484,8.851458698791475,0,2.2560004923301875,8.85145869879138,-0.6819621056597547,2.2560004923301484,8.851458698791475,0,2.2560004923301875,-0.05308382025481908
17.82,9.176634526064564,8.86704849072828,-0.6831809474879424,2.2599745325231133,8.867048490728251,0,2.25997453252306,8.86704849072828,-0.6831809474879424,2.2599745325231133,8.867048490728251,0,2.25997453252306,-0.05317659794076882
17.84,9.192035426846921,8.881928384408752,-0.6843463989706713,2.263767684085872,8.881928384408752,0,2.263767684085934,8.881928384408752,-0.6843463989706713,2.263767684085872,8.881928384408752,0,2.263767684085934,-0.05326506547806125
17.86,9.206701746068019,8.896098379833212,-0.6854584601073355,2.267379947018469,8.896098379833234,0,2.267379947018469,8.896098379833212,-0.6854584601073355,2.267379947018469,8.896098379833234,0,2.267379947018469,-0.05334922286669635
17.88,9.220633483737405,8.909558477001465,-0.6865171308979998,2.270811321320844,8.909558477001411,0,2.2708113213208065,8.909558477001465,-0.6865171308979998,2.270811321320844,8.909558477001411,0,2.2708113213208065,-0.05342907010667413
17.9,9.233830639865584,8.922308675913623,-0.6875224113429783,2.2740618069930907,8.922308675913627,0,2.2740618069930747,8.922308675913623,-0.6875224113429783,2.2740618069930907,8.922308675913627,0,2.2740618069930747,-0.0535046071979946
17.92,9.246293214463543,8.934348976569755,-0.6884743014421262,2.2771314040350834,8.934348976569694,0,2.2771314040350745,8.934348976569755,-0.6884743014421262,2.2771314040350834,8.934348976569694,0,2.2771314040350745,-0.05357583414065774
17.94,9.258021207542455,8.945679378969402,-0.6893728011954803,2.280020112446943,8.945679378969501,0,2.280020112446948,8.945679378969402,-0.6893728011954803,2.280020112446943,8.945679378969501,0,2.280020112446948,-0.053642750934663544
17.96,9.269014619115076,8.956299883113196,-0.6902179106028559,2.2827279322284966,8.956299883113218,0,2.282727932228511,8.956299883113196,-0.6902179106028559,2.2827279322284966,8.956299883113218,0,2.282727932228511,-0.05370535758001204
17.98,9.279273449194028,8.966210489000815,-0.6910096296645727,2.285254863380068,8.96621048900073,0,2.285254863380061,8.966210489000815,-0.6910096296645727,2.285254863380068,8.96621048900073,0,2.285254863380061,-0.0537636540767032
18.0,9.288797697792523,8.97541119663207,-0.6917479583805242,2.2876009059014137,8.975411196632052,0,2.2876009059013995,8.97541119663207,-0.6917479583805242,2.2876009059014137,8.975411196632052,0,2.2876009059013995,-0.05381764042473704
18.02,9.297587364924919,8.983902006007277,-0.6924328967504119,2.289766059792404,8.983902006007298,0,2.2897660597924556,8.983902006007277,-0.6924328967504119,2.289766059792404,8.983902006007298,0,2.2897660597924556,-0.053867316624113565
18.04,9.305642450605848,8.991682917126205,-0.6930644447745911,2.291750325053332,8.991682917126141,0,2.291750325053357,8.991682917126205,-0.6930644447745911,2.291750325053332,8.991682917126141,0,2.291750325053357,-0.05391268267483276
18.06,9.31296295485103,8.998753929989238,-0.6936426024527917,2.2935537016840204,8.99875392998922,0,2.293553701684047,8.998753929989238,-0.6936426024527917,2.2935537016840204,8.99875392998922,0,2.293553701684047,-0.05395373857689465
18.08,9.319548877676027,9.00511504459578,-0.6941673697853914,2.2951761896846072,9.005115044595797,0,2.2951761896845824,9.00511504459578,-0.6941673697853914,2.2951761896846072,9.005115044595797,0,2.2951761896845824,-0.0539904843302992
18.1,9.327070276406893,9.012381346803728,-0.6947450829794422,2.2970287996096523,9.012381346803735,0,2.2970287996096204,9.012381346803728,-0.6947450829794422,2.2970287996096523,9.012381346803735,0,2.2970287996096204,-0.05403333821877846
18.12,9.335127339459143,9.020166185299441,-0.6953502851627196,2.2990131355935493,9.020166185299416,0,2.299013135593569,9.020166185299441,-0.6953502851627196,2.2990131355935493,9.020166185299416,0,2.299013135593569,-0.05407980610676103
18.14,9.34271496501134,9.027497542130337,-0.6959189793026685,2.3008818363981796,9.027497542130277,0,2.300881836398233,9.027497542130337,-0.6959189793026685,2.3008818363981796,9.027497542130277,0,2.300881836398233,-0.05412361788868185
18.16,9.349833153061454,9.034375417296488,-0.6964511653991741,2.302634902023348,9.034375417296545,0,2.3026349020233425,9.034375417296488,-0.6964511653991741,2.302634902023348,9.034375417296545,0,2.3026349020233425,-0.05416477356454095
18.18,9.356481903608518,9.040799810798067,-0.6969468434522592,2.30427233246904,9.040799810798035,0,2.304272332469054,9.040799810798067,-0.6969468434522592,2.30427233246904,9.040799810798035,0,2.304272332469054,-0.05420327313433827
18.2,9.362661216652114,9.046770722634882,-0.697406013461837,2.305794127735341,9.046770722634903,0,2.3057941277352967,9.046770722634882,-0.697406013461837,2.305794127735341,9.046770722634903,0,2.3057941277352967,-0.054239116598073865
18.22,9.368371092192998,9.05228815280703,-0.6978286754280156,2.307200287822294,9.052288152807037,0,2.3072002878222406,9.05228815280703,-0.6978286754280156,2.307200287822294,9.052288152807037,0,2.3072002878222406,-0.054272303955747704
18.24,9.373611530232623,9.057352101314464,-0.6982148293506807,2.308490812729831,9.057352101314535,0,2.3084908127297723,9.057352101314464,-0.6982148293506807,2.308490812729831,9.057352101314535,0,2.3084908127297723,-0.054302835207359804
18.26,9.378382530773408,9.061962568157217,-0.6985644752299955,2.3096657024577585,9.061962568157284,0,2.3096657024578207,9.061962568157217,-0.6985644752299955,2.3096657024577585,9.061962568157284,0,2.3096657024578207,-0.054330710352910164
18.28,9.382684093818817,9.066119553335348,-0.6988776130659025,2.310724957006533,9.066119553335298,0,2.310724957006542,9.066119553335348,-0.6988776130659025,2.310724957006533,9.066119553335298,0,2.310724957006542,-0.05435592939239876
18.3,9.386516219372734,9.069823056848662,-0.6991542428583819,2.3116685763757143,9.069823056848676,0,2.3116685763757374,9.069823056848662,-0.6991542428583819,2.3116685763757143,9.069823056848676,0,2.3116685763757374,-0.05437849232582561
18.32,9.389878907440519,9.073073078697377,-0.6993943646074046,2.312496560565654,9.073073078697433,0,2.312496560565606,9.073073078697377,-0.6993943646074046,2.312496560565654,9.073073078697433,0,2.312496560565606,-0.054398399153190724
18.34,9.39277215802785,9.075869618881292,-0.699597978312906,2.3132089095760353,9.07586961888127,0,2.3132089095760477,9.075869618881292,-0.699597978312906,2.3132089095760353,9.07586961888127,0,2.3132089095760477,-0.0544156498744941
18.36,9.395195971141804,9.078212677400625,-0.6997650839750511,2.3138056234069566,9.078212677400586,0,2.3138056234070064,9.078212677400625,-0.6997650839750511,2.3138056234069566,9.078212677400586,0,2.3138056234070064,-0.054430244489735706
18.38,9.39715034678999,9.080102254255213,-0.6998956815938526,2.314286702058567,9.080102254255166,0,2.314286702058567,9.080102254255213,-0.6998956815938526,2.314286702058567,9.080102254255166,0,2.314286702058567,-0.054442182998915574
18.4,9.398635284980887,9.081538349444983,-0.6999897711689416,2.314652145530708,9.081538349444955,0,2.3146521455306868,9.081538349444983,-0.6999897711689416,2.314652145530708,9.081538349444955,0,2.3146521455306868,-0.054451465402033696
18.42,9.399650785724404,9.082520962970282,-0.7000473527008153,2.314901953823524,9.082520962970264,0,2.3149019538235365,9.082520962970282,-0.7000473527008153,2.314901953823524,9.082520962970264,0,2.3149019538235365,-0.05445809169909008
18.44,9.400196849030571,9.083050094830774,-0.7000684261893535,2.315036126936823,9.083050094830725,0,2.3150361269368034,9.083050094830774,-0.7000684261893535,2.315036126936823,9.083050094830725,0,2.3150361269368034,-0.0544620618900847
18.46,9.400273474910758,9.083125745026496,-0.7000529916342288,2.3150546648708143,9.083125745026493,0,2.3150546648708286,9.083125745026496,-0.7000529916342288,2.3150546648708143,9.083125745026493,0,2.3150546648708286,-0.054463375975017596
18.48,9.399880663377196,9.082747913557512,-0.7000010490357962,2.314957567625207,9.08274791355747,0,2.314957567625214,9.082747913557512,-0.7000010490357962,2.314957567625207,9.08274791355747,0,2.314957567625214,-0.054462033953888725
18.5,9.400503609216232,9.083351422513061,-0.7000266806243061,2.3151106576223075,9.083351422513019,0,2.31511065762227,9.083351422513061,-0.7000266806243061,2.3151106576223075,9.083351422513019,0,2.31511065762227,-0.05446649760777806
18.52,9.401608264970633,9.08442033749543,-0.7000888646262715,2.315382392162487,9.084420337495459,0,2.3153823921624905,9.08442033749543,-0.7000888646262715,2.315382392162487,9.084420337495459,0,2.3153823921624905,-0.05447372424312895
18.54,9.402462272136264,9.08524713907184,-0.7001313464051622,2.3155923820013804,9.085247139071853,0,2.315592382001327,9.08524713907184,-0.7001313464051622,2.3155923820013804,9.085247139071853,0,2.315592382001327,-0.05447954130461758
18.56,9.403065630721455,9.085831827242451,-0.7001541259611703,2.3157406271389593,9.085831827242501,0,2.3157406271388794,9.085831827242451,-0.7001541259611703,2.3157406271389593,9.085831827242501,0,2.3157406271388794,-0.054483948792243976
18.58,9.403418340735092,9.086174402007575,-0.7001572032941827,2.3158271275753037,9.086174402007657,0,2.315827127575247,9.086174402007575,-0.7001572032941827,2.3158271275753037,9.086174402007657,0,2.315827127575247,-0.054486946706008114
18.6,9.40352040218588,9.08627486336696,-0.7001405784041426,2.3158518833102715,9.08627486336691,0,2.315851883310259,9.08627486336696,-0.7001405784041426,2.3158518833102715,9.08627486336691,0,2.315851883310259,-0.05448853504590999
18.62,9.403371815083219,9.086133211320575,-0.7001042512912763,2.315814894343921,9.086133211320572,0,2.315814894343916,9.086133211320575,-0.7001042512912763,2.315814894343921,9.086133211320572,0,2.315814894343916,-0.05448871381194963
18.64,9.402972579436954,9.085749445868416,-0.7000482219553996,2.315716160676443,9.085749445868359,0,2.315716160676473,9.085749445868416,-0.7000482219553996,2.315716160676443,9.085749445868359,0,2.315716160676473,-0.05448748300412701
18.66,9.402322695257343,9.085123567010555,-0.6999724903964983,2.3155556823076413,9.085123567010555,0,2.315555682307675,9.085123567010555,-0.6999724903964983,2.3155556823076413,9.085123567010555,0,2.315555682307675,-0.05448484262244214
18.68,9.401422162555143,9.08425557474705,-0.6998770566147079,2.315333459237669,9.084255574747061,0,2.315333459237621,9.08425557474705,-0.6998770566147079,2.315333459237669,9.084255574747061,0,2.315333459237621,-0.05448079266689502
18.7,9.400270981341176,9.083145469077703,-0.6997619206099075,2.31504949146629,9.083145469077678,0,2.3150494914663255,9.083145469077703,-0.6997619206099075,2.31504949146629,9.083145469077678,0,2.3150494914663255,-0.05447533313748564
18.72,9.398869151627,9.081793250002509,-0.6996270823820896,2.3147037789937066,9.081793250002661,0,2.31470377899376,9.081793250002509,-0.6996270823820896,2.3147037789937066,9.081793250002661,0,2.31470377899376,-0.054468464034214015
18.74,9.39721667342486,9.080198917521805,-0.6994725419313315,2.3142963218198194,9.080198917521784,0,2.3142963218197963,9.080198917521805,-0.6994725419313315,2.3142963218198194,9.080198917521784,0,2.3142963218197963,-0.05446018535708014
18.76,9.395313546746893,9.078362471635334,-0.6992982992575496,2.313827119944712,9.078362471635387,0,2.313827119944662,9.078362471635334,-0.6992982992575496,2.313827119944712,9.078362471635387,0,2.313827119944662,-0.05445049710608401
18.78,9.393159771605958,9.076283912343161,-0.6991043543608573,2.3132961733682684,9.0762839123432,0,2.3132961733682578,9.076283912343161,-0.6991043543608573,2.3132961733682684,9.0762839123432,0,2.3132961733682578,-0.054439399281225626
18.8,9.390755348015247,9.073963239645206,-0.6988907072412753,2.3127034820905266,9.073963239645167,0,2.3127034820905408,9.073963239645206,-0.6988907072412753,2.3127034820905266,9.073963239645167,0,2.3127034820905408,-0.054426891882505005
18.82,9.38810027598853,9.071400453541521,-0.6986573578985191,2.312049046111685,9.071400453541528,0,2.3120490461116674,9.071400453541521,-0.6986573578985191,2.312049046111685,9.071400453541528,0,2.3120490461116674,-0.05441297490992212
18.84,9.385194555539908,9.068595554032115,-0.6984043063329732,2.3113328654313516,9.068595554032157,0,2.3113328654313534,9.068595554032115,-0.6984043063329732,2.3113328654313516,9.068595554032157,0,2.3113328654313534,-0.054397648363476984
18.86,9.382038186684175,9.065548541117131,-0.6981315525443601,2.310554940049828,9.065548541117138,0,2.3105549400497694,9.065548541117131,-0.6981315525443601,2.310554940049828,9.065548541117138,0,2.3105549400497694,-0.05438091224316959
18.88,9.378631169436128,9.062259414796344,-0.6978390965326584,2.30971526996691,9.0622594147964,0,2.309715269967029,9.062259414796344,-0.6978390965326584,2.30971526996691,9.0622594147964,0,2.309715269967029,-0.054362766548999956
18.9,9.375917110079339,9.05963801151507,-0.6976226551100404,2.3090466401112053,9.059638011515034,0,2.3090466401111627,9.05963801151507,-0.6976226551100404,2.3090466401112053,9.059638011515034,0,2.3090466401111627,-0.054347631191619936
18.92,9.373458135785965,9.057262129209395,-0.6974378116827995,2.3084410285651416,9.057262129209434,0,2.3084410285651558,9.057262129209395,-0.6974378116827995,2.3084410285651416,9.057262129209434,0,2.3084410285651558,-0.05433345514811297
18.94,9.370878129829851,9.054769111663852,-0.6972464140128247,2.3078056484312164,9.054769111663902,0,2.307805648431227,9.054769111663852,-0.6972464140128247,2.3078056484312164,9.054769111663902,0,2.307805648431227,-0.05431847666439773
18.96,9.36817709221107,9.052158958878007,-0.6970484620999438,2.3071404997093747,9.05215895887801,0,2.3071404997092912,9.052158958878007,-0.6970484620999438,2.3071404997093747,9.05215895887801,0,2.3071404997092912,-0.054302695740474236
18.98,9.365355022932821,9.049431670852265,-0.6968439559443782,2.306445582399654,9.049431670852272,0,2.3064455823997037,9.049431670852265,-0.6968439559443782,2.306445582399654,9.049431670852272,0,2.3064455823997037,-0.05428611237634248
19.0,9.36241192199994,9.046587247586448,-0.6966328955459073,2.3057208965020326,9.046587247586544,0,2.305720896502052,9.046587247586448,-0.6966328955459073,2.3057208965020326,9.046587247586544,0,2.305720896502052,-0.05426872657200246
19.02,9.35934778941959,9.043625689080372,-0.6964152809049713,2.3049664420165925,9.0436256890804,0,2.3049664420165783,9.043625689080372,-0.6964152809049713,2.3049664420165925,9.0436256890804,0,2.3049664420165783,-0.05425053832745418
19.04,9.356162625201396,9.040546995334207,-0.6961911120209243,2.3041822189431365,9.040546995334239,0,2.30418221894314,9.040546995334207,-0.6961911120209243,2.3041822189431365,9.040546995334239,0,2.30418221894314,-0.05423154764269765
19.06,9.35285642935741,9.037351166348131,-0.695960388894278,2.3033682272817106,9.037351166348088,0,2.303368227281652,9.037351166348131,-0.695960388894278,2.3033682272817106,9.037351166348088,0,2.303368227281652,-0.05421175451773283
19.08,9.349429201901469,9.034038202121845,-0.6957231115248041,2.3025244670325,9.034038202121877,0,2.302524467032484,9.034038202121845,-0.6957231115248041,2.3025244670325,9.034038202121877,0,2.302524467032484,-0.05419115895255976
19.1,9.345880942850233,9.030608102655691,-0.6954792799125022,2.3016509381953014,9.030608102655648,0,2.3016509381952943,9.030608102655691,-0.6954792799125022,2.3016509381953014,9.030608102655648,0,2.3016509381952943,-0.05416976094717845
19.12,9.342211652222062,9.027060867949306,-0.6952288940574949,2.3007476407702434,9.027060867949288,0,2.300747640770254,9.027060867949306,-0.6952288940574949,2.3007476407702434,9.027060867949288,0,2.300747640770254,-0.05414756050158886
19.14,9.338421330038033,9.02339649800281,-0.6949719539597599,2.2998145747573204,9.023396498002711,0,2.299814574757363,9.02339649800281,-0.6949719539597599,2.2998145747573204,9.023396498002711,0,2.299814574757363,-0.05412455761579101
19.16,9.33450997632142,9.01961499281624,-0.6947084596191262,2.2988517401565005,9.01961499281623,0,2.298851740156465,9.01961499281624,-0.6947084596191262,2.2988517401565005,9.01961499281623,0,2.298851740156465,-0.054100752289784906
19.18,9.330477591097734,9.01571635238954,-0.6944384110357933,2.2978591369676735,9.01571635238956,0,2.2978591369676735,9.01571635238954,-0.6944384110357933,2.2978591369676735,9.01571635238956,0,2.2978591369676735,-0.054076144523570534
19.2,9.326324174395122,9.011700576722909,-0.6941618082097905,2.2968367651911006,9.011700576722916,0,2.2968367651910597,9.011700576722909,-0.6941618082097905,2.2968367651911006,9.011700576722916,0,2.2968367651910597,-0.054050734317147894
19.22,9.32204972624357,9.007567665816193,-0.6938786511409378,2.2957846248265135,9.007567665816183,0,2.295784624826524,9.007567665816193,-0.6938786511409378,2.2957846248265135,9.007567665816183,0,2.295784624826524,-0.054024521670517016
19.24,9.317654246675456,9.003317619669197,-0.6935889398292372,2.2947027158739957,9.00331761966926,0,2.294702715874024,9.003317619669197,-0.6935889398292372,2.2947027158739957,9.00331761966926,0,2.294702715874024,-0.05399750658367784
19.26,9.313137735726048,8.998950438282282,-0.6932926742747378,2.2935910383336164,8.99895043828225,0,2.2935910383336733,8.998950438282282,-0.6932926742747378,2.2935910383336164,8.99895043828225,0,2.2935910383336733,-0.05396968905663044
19.28,9.308500193432344,8.994466121655183,-0.6929898544776036,2.2924495922053705,8.994466121655208,0,2.292449592205344,8.994466121655183,-0.6929898544776036,2.2924495922053705,8.994466121655208,0,2.292449592205344,-0.05394106908937476
19.3,9.304052691866413,8.990166629935931,-0.6926854658249768,2.291354702391118,8.9901666299359,0,2.291354702391132,8.990166629935931,-0.6926854658249768,2.291354702391118,8.9901666299359,0,2.291354702391132,-0.053914197193988635
19.32,9.29964107545398,8.98590232320327,-0.692377037748944,2.2902685451834888,8.985902323203305,0,2.2902685451834373,8.98590232320327,-0.692377037748944,2.2902685451834888,8.985902323203305,0,2.2902685451834373,-0.053887809434058694
19.34,9.295172511834002,8.981583088361663,-0.6920630824754954,2.289168343162393,8.981583088361717,0,2.289168343162359,8.981583088361663,-0.6920630824754954,2.289168343162393,8.981583088361717,0,2.289168343162359,-0.05386114466762805
19.36,9.290649953538363,8.977211791467752,-0.6917436473227925,2.2880548207655416,8.977211791467681,0,2.288054820765538,8.977211791467752,-0.6917436473227925,2.2880548207655416,8.977211791467681,0,2.288054820765538,-0.05383422710289262
19.38,9.286076353097375,8.972791298577079,-0.6914187796099385,2.2869287024314158,8.972791298577107,0,2.286928702431382,8.972791298577079,-0.6914187796099385,2.2869287024314158,8.972791298577107,0,2.286928702431382,-0.05380708094804833
19.4,9.281454663041067,8.968324475745465,-0.6910885266558409,2.2857907125980503,8.968324475745476,0,2.285790712597972,8.968324475745465,-0.6910885266558409,2.2857907125980503,8.968324475745476,0,2.285790712597972,-0.05377973041129107
19.42,9.27678783590003,8.963814189029438,-0.6907529357789581,2.2846415757034606,8.96381418902945,0,2.2846415757034038,8.963814189029438,-0.6907529357789581,2.2846415757034606,8.96381418902945,0,2.2846415757034038,-0.05375219970081676
19.44,9.272078824204243,8.959263304484413,-0.6904120542984313,2.2834820161859355,8.959263304484423,0,2.2834820161860137,8.959263304484413,-0.6904120542984313,2.2834820161859355,8.959263304484423,0,2.2834820161860137,-0.053724513024821334
19.46,9.267330580485334,8.954674688166751,-0.6900659295331293,2.2823127584835774,8.954674688166719,0,2.2823127584835703,8.954674688166751,-0.6900659295331293,2.2823127584835774,8.954674688166719,0,2.2823127584835703,-0.053696694591500685
19.48,9.262546057275728,8.950051206132354,-0.6897146088018395,2.281134527034393,8.95005120613233,0,2.2811345270344816,8.950051206132354,-0.6897146088018395,2.281134527034393,8.95005120613233,0,2.2811345270344816,-0.053668768609050704
19.5,9.257728207109754,8.945395724437176,-0.6893581394231045,2.2799480462766066,8.945395724437176,0,2.2799480462766297,8.945395724437176,-0.6893581394231045,2.2799480462766066,8.945395724437176,0,2.2799480462766297,-0.05364075928566735
19.52,9.252879982524117,8.94071110913718,-0.6889965687159592,2.2787540406483124,8.940711109137254,0,2.278754040648309,8.94071110913718,-0.6889965687159592,2.2787540406483124,8.940711109137254,0,2.278754040648309,-0.05361269082954651
19.54,9.248004336058784,8.936000226288634,-0.6886299439991808,2.2775532345875273,8.936000226288627,0,2.2775532345875007,8.936000226288634,-0.6886299439991808,2.2775532345875273,8.936000226288627,0,2.2775532345875007,-0.053584587448884106
19.56,9.243104220256878,8.931265941947242,-0.6882583125917687,2.2763463525325527,8.931265941947217,0,2.276346352532542,8.931265941947242,-0.6882583125917687,2.2763463525325527,8.931265941947217,0,2.276346352532542,-0.05355647335187603
19.58,9.238182587665865,8.92651112216883,-0.6878817218124578,2.2751341189213754,8.926511122168904,0,2.2751341189214145,8.92651112216883,-0.6878817218124578,2.2751341189213754,8.926511122168904,0,2.2751341189214145,-0.05352837274671819
19.6,9.233242390838916,8.921738633009863,-0.6875002189797716,2.2739172581922276,8.921738633009909,0,2.273917258192199,8.921738633009863,-0.6875002189797716,2.2739172581922276,8.921738633009909,0,2.273917258192199,-0.05350030984160655
19.62,9.22828658233411,8.916951340525863,-0.6871138514129007,2.272696494783167,8.916951340525856,0,2.272696494783176,8.916951340525863,-0.6871138514129007,2.272696494783167,8.916951340525856,0,2.272696494783176,-0.05347230884473698
19.64,9.223318114716855,8.912152110773086,-0.686722666430728,2.271472553132325,8.912152110773121,0,2.27147255313227,8.912152110773086,-0.686722666430728,2.271472553132325,8.912152110773121,0,2.27147255313227,-0.053444393964305385
19.66,9.218339940559776,8.907343809807582,-0.6863267113517062,2.2702461576778106,8.907343809807614,0,2.2702461576778603,8.907343809807582,-0.6863267113517062,2.2702461576778106,8.907343809807614,0,2.2702461576778603,-0.05341658940850771
19.68,9.213355012443586,8.902529303685082,-0.6859260334948205,2.2690180328577174,8.902529303685128,0,2.269018032857687,8.902529303685082,-0.6859260334948205,2.2690180328577174,8.902529303685128,0,2.269018032857687,-0.05338891938553986
19.7,9.208495809410838,8.897834663990288,-0.6855559728589893,2.2678212034371654,8.897834663990409,0,2.267821203437151,8.897834663990288,-0.6855559728589893,2.2678212034371654,8.897834663990409,0,2.267821203437151,-0.053361103077806636
19.72,9.203663577019324,8.89316563798862,-0.6851937968847732,2.2666311081234927,8.893165637988574,0,2.266631108123491,8.89316563798862,-0.6851937968847732,2.2666311081234927,8.893165637988574,0,2.266631108123491,-0.05333320120379026
19.74,9.198824951251297,8.88849045136783,-0.6848309205744751,2.265439434766808,8.888490451367772,0,2.2654394347668045,8.88849045136783,-0.6848309205744751,2.265439434766808,8.888490451367772,0,2.2654394347668045,-0.05330527151537229
19.76,9.19397993210692,8.88380910412782,-0.6844673439281013,2.2642461833672485,8.88380910412782,0,2.2642461833672343,8.88380910412782,-0.6844673439281013,2.2642461833672485,8.88380910412782,0,2.2642461833672343,-0.05327731401255274
19.78,9.189128519586712,8.879121596268913,-0.68410306694566,2.2630513539246486,8.87912159626896,0,2.263051353924652,8.879121596268913,-0.68410306694566,2.2630513539246486,8.87912159626896,0,2.263051353924652,-0.053249328695331624
19.8,9.184270713690914,8.87442792779105,-0.6837380896270364,2.2618549464391595,8.874427927790975,0,2.261854946439243,8.87442792779105,-0.6837380896270364,2.2618549464391595,8.874427927790975,0,2.261854946439243,-0.05322131556370895
19.82,9.179406514419433,8.869728098693816,-0.683372411972559,2.260656960910765,8.869728098693813,0,2.260656960910822,8.869728098693816,-0.683372411972559,2.260656960910765,8.869728098693813,0,2.260656960910822,-0.05319327461768469
19.84,9.174535921773035,8.865022108977737,-0.6830060339819695,2.25945739733935,8.865022108977712,0,2.259457397339361,8.865022108977737,-0.6830060339819695,2.25945739733935,8.865022108977712,0,2.259457397339361,-0.053165205857258854
19.86,9.169658935751745,8.860309958642492,-0.6826389556552699,2.2582562557249215,8.860309958642475,0,2.2582562557248593,8.860309958642492,-0.6826389556552699,2.2582562557249215,8.860309958642475,0,2.2582562557248593,-0.05313710928243145
19.88,9.164775556356162,8.85559164768835,-0.6822711769923457,2.2570535360675272,8.855591647688428,0,2.257053536067474,8.85559164768835,-0.6822711769923457,2.2570535360675272,8.855591647688428,0,2.257053536067474,-0.05310898489320248
19.9,9.159885783586324,8.85086717611491,-0.681902697993638,2.2558492383672206,8.850867176114903,0,2.255849238367219,8.85086717611491,-0.681902697993638,2.2558492383672206,8.850867176114903,0,2.255849238367219,-0.05308083268957192
19.92,9.154989617442908,8.846136543922533,-0.6815335186586844,2.2546433626239093,8.84613654392264,0,2.2546433626238667,8.846136543922533,-0.6815335186586844,2.2546433626239093,8.84613654392264,0,2.2546433626238667,-0.0530526526715398
19.94,9.150087057926317,8.841399751111208,-0.6811636389877131,2.2534359088375737,8.841399751111226,0,2.2534359088376448,8.841399751111208,-0.6811636389877131,2.2534359088375737,8.841399751111226,0,2.2534359088376448,-0.053024444839106094
19.96,9.145178105036795,8.836656797680696,-0.6807930589806306,2.2522268770084057,8.836656797680732,0,2.252226877008411,8.836656797680696,-0.6807930589806306,2.2522268770084057,8.836656797680732,0,2.252226877008411,-0.05299620919227083
19.98,9.140262758774913,8.831907683631158,-0.6804217786374509,2.2510162671362792,8.831907683631158,0,2.2510162671362792,8.831907683631158,-0.6804217786374509,2.2510162671362792,8.831907683631158,0,2.2510162671362792,-0.052967945731033986
20.0,9.135341019140952,8.82715240896242,-0.6800497979582962,2.2498040792210823,8.827152408962448,0,2.2498040792211356,8.82715240896242,-0.6800497979582962,2.2498040792210823,8.827152408962448,0,2.2498040792211356,-0.05293965445539555
